Sample	FastQC_percent_duplicates	FastQC_percent_gc	FastQC_avg_sequence_length	FastQC_total_sequences	FastQC_percent_fails
PD_100P_filtered_1	2.13235798406	49.0	138.306865159	3150954.0	18.1818181818
PD_100P_filtered_2	2.20779786794	49.0	138.317743769	3150954.0	18.1818181818
PD_104P_filtered_1	2.09190651627	46.0	126.390694093	4709224.0	9.09090909091
PD_104P_filtered_2	2.03412100691	46.0	126.668311807	4709224.0	9.09090909091
PD_105P_filtered_1	5.22601667868	53.0	125.693218237	3174263.0	27.2727272727
PD_105P_filtered_2	5.2211775582	53.0	125.949116378	3174263.0	27.2727272727
PD_107P_filtered_1	0.983146067416	45.0	124.553370787	712.0	18.1818181818
PD_107P_filtered_2	0.983146067416	45.0	123.758426966	712.0	9.09090909091
PD_108S_filtered_1	2.15002742925	47.0	130.371125135	5255505.0	9.09090909091
PD_108S_filtered_2	2.21184553742	48.0	130.543606751	5255505.0	9.09090909091
PD_109S_filtered_1	2.68093645659	46.0	129.180187688	4861886.0	9.09090909091
PD_109S_filtered_2	2.73937882825	46.0	129.350498963	4861886.0	9.09090909091
PD_10P_filtered_1	1.04270865737	50.0	125.261463863	2583684.0	18.1818181818
PD_10P_filtered_2	1.04032986416	50.0	125.526244696	2583684.0	9.09090909091
PD_110S_filtered_1	1.78929642666	46.0	127.245806262	3933305.0	9.09090909091
PD_110S_filtered_2	1.78686943753	46.0	127.41838581	3933305.0	9.09090909091
PD_111P_filtered_1	2.56733220356	49.0	130.019772562	4026590.0	9.09090909091
PD_111P_filtered_2	2.50187520882	49.0	130.194860167	4026590.0	9.09090909091
PD_112S_filtered_1	1.17697594502	45.0	126.283676976	11640.0	18.1818181818
PD_112S_filtered_2	1.05670103093	45.0	125.645532646	11640.0	9.09090909091
PD_113P_filtered_1	5.52646718885	51.0	134.14757951	4957653.0	27.2727272727
PD_113P_filtered_2	5.45784735569	51.0	134.275252826	4957653.0	27.2727272727
PD_114P_filtered_1	2.59567189016	47.0	122.873714293	3387826.0	9.09090909091
PD_114P_filtered_2	2.6683805414	47.0	123.162233834	3387826.0	9.09090909091
PD_115S_filtered_1	3.81917500585	47.0	135.943856583	3698243.0	9.09090909091
PD_115S_filtered_2	3.73833320783	47.0	136.089512236	3698243.0	9.09090909091
PD_116P_filtered_1	2.16163234199	46.0	129.363691156	5656115.0	9.09090909091
PD_116P_filtered_2	2.19658866448	46.0	129.595677952	5656115.0	9.09090909091
PD_117_filtered_1	2.35547579596	46.0	132.158695562	4065873.0	9.09090909091
PD_117_filtered_2	2.40194485016	46.0	132.30626633	4065873.0	9.09090909091
PD_118_filtered_1	1.79851247173	47.0	133.050121068	4095623.0	9.09090909091
PD_118_filtered_2	1.73895002689	47.0	133.039921399	4095623.0	9.09090909091
PD_119P_filtered_1	1.83487014289	48.0	126.04115831	3997443.0	9.09090909091
PD_119P_filtered_2	1.77441308003	48.0	126.232455097	3997443.0	9.09090909091
PD_11P_filtered_1	1.82187941961	48.0	126.444034627	3965452.0	9.09090909091
PD_11P_filtered_2	1.81578509268	48.0	126.593552009	3965452.0	9.09090909091
PD_120S_filtered_1	1.925330523	48.0	126.323248372	3269059.0	9.09090909091
PD_120S_filtered_2	1.85762115632	48.0	126.531215864	3269059.0	9.09090909091
PD_121S_filtered_1	2.48736772292	50.0	131.696060234	5662747.0	9.09090909091
PD_121S_filtered_2	2.55127121828	50.0	131.841399942	5662747.0	18.1818181818
PD_122S_filtered_1	2.12160405548	49.0	127.059835182	4461890.0	9.09090909091
PD_122S_filtered_2	2.10699123231	49.0	127.326355872	4461890.0	9.09090909091
PD_123P_filtered_1	4.34650460964	46.0	131.919804065	5163354.0	9.09090909091
PD_123P_filtered_2	4.37511015818	46.0	132.137795704	5163354.0	9.09090909091
PD_126P_filtered_1	3.18570930688	51.0	126.448312796	5218013.0	18.1818181818
PD_126P_filtered_2	3.27414128076	51.0	126.619556908	5218013.0	18.1818181818
PD_127S_filtered_1	1.5528653712	49.0	132.47228004	5359748.0	9.09090909091
PD_127S_filtered_2	1.53054581821	49.0	132.646564727	5359748.0	9.09090909091
PD_128S_filtered_1	2.0192416141	46.0	129.466830155	4830517.0	9.09090909091
PD_128S_filtered_2	1.96181059365	46.0	129.587382469	4830517.0	9.09090909091
PD_129P_filtered_1	3.72235270043	53.0	124.594241791	2891281.0	27.2727272727
PD_129P_filtered_2	3.73184610127	53.0	124.826854948	2891281.0	27.2727272727
PD_12P_filtered_1	1.49261051674	48.0	124.55075025	3006931.0	9.09090909091
PD_12P_filtered_2	1.51022832375	48.0	124.79821253	3006931.0	9.09090909091
PD_130S_filtered_1	2.35209529874	45.0	133.019576439	3671301.0	9.09090909091
PD_130S_filtered_2	2.30424358407	45.0	133.085730099	3671301.0	9.09090909091
PD_131P_filtered_1	5.69448392057	46.0	123.813450998	3974248.0	9.09090909091
PD_131P_filtered_2	5.63168008173	47.0	124.105481087	3974248.0	9.09090909091
PD_134S_filtered_1	2.87171654897	46.0	129.354554464	6107403.0	9.09090909091
PD_134S_filtered_2	2.87563500695	46.0	129.554908035	6107403.0	9.09090909091
PD_137P_filtered_1	1.64319156683	45.0	132.962912411	4771057.0	9.09090909091
PD_137P_filtered_2	1.68012042787	45.0	133.121714958	4771057.0	9.09090909091
PD_138S_filtered_1	3.56610005617	44.0	125.384164014	3201872.0	9.09090909091
PD_138S_filtered_2	3.56835277682	44.0	125.585585557	3201872.0	9.09090909091
PD_13P_filtered_1	3.63072161204	47.0	127.243891093	4002762.0	9.09090909091
PD_13P_filtered_2	3.63768368337	48.0	127.406177534	4002762.0	9.09090909091
PD_140S_filtered_1	2.46770233476	47.0	132.236664274	6410431.0	9.09090909091
PD_140S_filtered_2	2.44453661503	47.0	132.432640489	6410431.0	9.09090909091
PD_141P_filtered_1	6.45851795654	46.0	133.155595257	6009277.0	9.09090909091
PD_141P_filtered_2	6.41052490398	46.0	133.32732773	6009277.0	9.09090909091
PD_142S_filtered_1	3.92372564618	44.0	136.423842635	4160832.0	9.09090909091
PD_142S_filtered_2	4.05769739284	44.0	136.455137338	4160832.0	9.09090909091
PD_145P_filtered_1	1.78735541071	47.0	132.604386884	6174952.0	9.09090909091
PD_145P_filtered_2	1.83278877701	48.0	132.746875765	6174952.0	9.09090909091
PD_146S_filtered_1	1.87145282388	47.0	131.404082565	4001504.0	9.09090909091
PD_146S_filtered_2	1.8525469329	47.0	131.527478668	4001504.0	9.09090909091
PD_147_filtered_1	1.98615523207	46.0	135.485674948	4654259.0	9.09090909091
PD_147_filtered_2	1.91080344518	46.0	135.551609397	4654259.0	9.09090909091
PD_148P_filtered_1	2.76313163696	47.0	131.74210289	5630509.0	9.09090909091
PD_148P_filtered_2	2.62667507555	47.0	131.825579535	5630509.0	9.09090909091
PD_149S_filtered_1	1.54740925419	49.0	132.877394281	3934115.0	9.09090909091
PD_149S_filtered_2	1.51603142616	49.0	132.884697067	3934115.0	9.09090909091
PD_14P_filtered_1	1.47756968368	47.0	124.01270968	3099370.0	9.09090909091
PD_14P_filtered_2	1.48918863743	47.0	124.340231725	3099370.0	9.09090909091
PD_150P_filtered_1	2.83354469777	45.0	129.118938893	4226456.0	9.09090909091
PD_150P_filtered_2	2.85637587981	45.0	129.312470779	4226456.0	9.09090909091
PD_151S_filtered_1	1.84496907272	46.0	127.834648413	4001280.0	9.09090909091
PD_151S_filtered_2	1.85793162687	46.0	128.092477907	4001280.0	9.09090909091
PD_152P_filtered_1	1.69262328821	49.0	133.854105786	3823044.0	9.09090909091
PD_152P_filtered_2	1.68023628955	49.0	133.839009962	3823044.0	9.09090909091
PD_153S_filtered_1	2.6189799392	50.0	126.587476745	5486018.0	9.09090909091
PD_153S_filtered_2	2.66207993949	50.0	126.900387494	5486018.0	9.09090909091
PD_156P_filtered_1	4.71165649483	44.0	127.264642513	3597026.0	9.09090909091
PD_156P_filtered_2	4.71575428288	44.0	127.492812118	3597026.0	9.09090909091
PD_157S_filtered_1	3.00360707005	47.0	126.053642993	4815093.0	9.09090909091
PD_157S_filtered_2	3.07229172681	47.0	126.352001509	4815093.0	9.09090909091
PD_158P_filtered_1	2.722868039	45.0	132.325431245	5396464.0	9.09090909091
PD_158P_filtered_2	2.77410119985	45.0	132.522588866	5396464.0	9.09090909091
PD_159S_filtered_1	2.95257521873	46.0	131.345053051	5414408.0	9.09090909091
PD_159S_filtered_2	3.0192712561	46.0	131.524536755	5414408.0	9.09090909091
PD_15P_filtered_1	1.41238094749	47.0	124.803043846	3377701.0	9.09090909091
PD_15P_filtered_2	1.4033007495	47.0	125.073327094	3377701.0	9.09090909091
PD_160P_filtered_1	3.16943817287	49.0	128.319750876	5269984.0	9.09090909091
PD_160P_filtered_2	3.12279751825	49.0	128.590925134	5269984.0	9.09090909091
PD_161S_filtered_1	1.66870234047	46.0	134.994949328	60586.0	9.09090909091
PD_161S_filtered_2	1.54491136566	46.0	134.302082989	60586.0	9.09090909091
PD_162P_filtered_1	1.44993497137	47.0	132.967980784	4511978.0	9.09090909091
PD_162P_filtered_2	1.43432920592	47.0	133.036383156	4511978.0	9.09090909091
PD_163S_filtered_1	1.81420352525	47.0	129.056251656	5203989.0	9.09090909091
PD_163S_filtered_2	1.75699473455	47.0	129.156731115	5203989.0	9.09090909091
PD_164P_filtered_1	1.46397018448	48.0	130.48665741	3508764.0	9.09090909091
PD_164P_filtered_2	1.4242348717	48.0	130.630615225	3508764.0	9.09090909091
PD_165S_filtered_1	2.30237766984	48.0	128.599156722	5755399.0	9.09090909091
PD_165S_filtered_2	2.28606600965	48.0	128.772689782	5755399.0	9.09090909091
PD_166_filtered_1	1.76446479695	49.0	132.669507695	4098047.0	9.09090909091
PD_166_filtered_2	1.75521953638	49.0	132.796962065	4098047.0	9.09090909091
PD_167P_filtered_1	3.0598491873	47.0	136.871965409	4543405.0	9.09090909091
PD_167P_filtered_2	2.99720244815	47.0	136.905962378	4543405.0	9.09090909091
PD_169P_filtered_1	2.43864274629	50.0	126.368946777	5084316.0	9.09090909091
PD_169P_filtered_2	2.37713458174	50.0	126.592149268	5084316.0	9.09090909091
PD_16P_filtered_1	1.50788342357	47.0	123.016373753	3826673.0	9.09090909091
PD_16P_filtered_2	1.50617269191	47.0	123.366038854	3826673.0	9.09090909091
PD_170S_filtered_1	1.60113284856	47.0	129.323996467	4216975.0	9.09090909091
PD_170S_filtered_2	1.64847977357	48.0	129.500058691	4216975.0	9.09090909091
PD_171P_filtered_1	1.87211317548	46.0	132.696206297	5193949.0	9.09090909091
PD_171P_filtered_2	1.95714656763	46.0	132.860273368	5193949.0	9.09090909091
PD_172S_filtered_1	1.0688380866	49.0	131.915630152	3093783.0	9.09090909091
PD_172S_filtered_2	1.08630471411	49.0	132.037097624	3093783.0	9.09090909091
PD_173P_filtered_1	1.95378924713	48.0	132.871534089	4558470.0	9.09090909091
PD_173P_filtered_2	1.91538412728	48.0	133.044401301	4558470.0	9.09090909091
PD_174S_filtered_1	2.92680120339	46.0	137.077808123	4477296.0	9.09090909091
PD_174S_filtered_2	2.86154853921	46.0	137.002118243	4477296.0	9.09090909091
PD_175P_filtered_1	2.40709892642	47.0	127.26217493	3566653.0	9.09090909091
PD_175P_filtered_2	2.40229251324	48.0	127.465141689	3566653.0	9.09090909091
PD_176S_filtered_1	1.76432085405	47.0	134.498300308	4830874.0	9.09090909091
PD_176S_filtered_2	1.70491280819	47.0	134.545648262	4830874.0	9.09090909091
PD_177P_filtered_1	2.22825600984	47.0	133.971117925	3542197.0	9.09090909091
PD_177P_filtered_2	2.19959830495	47.0	134.123770078	3542197.0	9.09090909091
PD_178S_filtered_1	2.08886264702	48.0	131.864696151	5670733.0	9.09090909091
PD_178S_filtered_2	2.09695136258	48.0	132.019123806	5670733.0	9.09090909091
PD_179P_filtered_1	4.26758098457	46.0	133.632276335	5192535.0	9.09090909091
PD_179P_filtered_2	4.22272544183	46.0	133.745492327	5192535.0	9.09090909091
PD_180S_filtered_1	1.95954456124	45.0	133.364039097	4442141.0	9.09090909091
PD_180S_filtered_2	1.99188931994	45.0	133.398644032	4442141.0	9.09090909091
PD_181P_filtered_1	2.17556061873	46.0	129.698744075	4711509.0	9.09090909091
PD_181P_filtered_2	2.22039737022	46.0	129.885814078	4711509.0	9.09090909091
PD_182S_filtered_1	1.7745266179	45.0	134.796086941	57142.0	9.09090909091
PD_182S_filtered_2	1.92502887543	45.0	134.273599104	57142.0	9.09090909091
PD_183P_filtered_1	2.51313603296	48.0	134.815362182	6547299.0	9.09090909091
PD_183P_filtered_2	2.52003436559	48.0	134.983158399	6547299.0	9.09090909091
PD_184S_filtered_1	2.84624729521	45.0	133.574413833	7205878.0	9.09090909091
PD_184S_filtered_2	2.87353719932	45.0	133.747906084	7205878.0	9.09090909091
PD_188S_filtered_1	1.52156136804	47.0	128.320655312	3733916.0	9.09090909091
PD_188S_filtered_2	1.48785358069	47.0	128.472041685	3733916.0	9.09090909091
PD_189P_filtered_1	2.14990394294	46.0	129.356740118	4356600.0	9.09090909091
PD_189P_filtered_2	2.2042951729	46.0	129.591199559	4356600.0	9.09090909091
PD_190S_filtered_1	1.54924965774	48.0	134.874556594	4373247.0	9.09090909091
PD_190S_filtered_2	1.48408556992	48.0	134.952621702	4373247.0	9.09090909091
PD_191P_filtered_1	1.87308251251	41.0	137.908445019	37158.0	18.1818181818
PD_191P_filtered_2	2.09645298455	41.0	137.358415415	37158.0	9.09090909091
PD_192S_filtered_1	0.97772949484	43.0	126.612710483	1841.0	9.09090909091
PD_192S_filtered_2	1.24932102118	43.0	126.112982075	1841.0	9.09090909091
PD_193P_filtered_1	2.365467972	46.0	129.749347845	4843940.0	9.09090909091
PD_193P_filtered_2	2.33839368654	46.0	129.870295256	4843940.0	9.09090909091
PD_194S_filtered_1	1.36989573519	48.0	129.687925156	3520617.0	9.09090909091
PD_194S_filtered_2	1.35605106744	48.0	129.809648138	3520617.0	9.09090909091
PD_195_filtered_1	2.42673274484	50.0	130.73775725	5300974.0	18.1818181818
PD_195_filtered_2	2.48290802675	50.0	130.978110061	5300974.0	18.1818181818
PD_196_filtered_1	2.39969106097	47.0	132.130042503	6203987.0	9.09090909091
PD_196_filtered_2	2.42912722535	47.0	132.263775859	6203987.0	9.09090909091
PD_197_filtered_1	2.06238707247	49.0	132.846108289	5176900.0	9.09090909091
PD_197_filtered_2	2.09259953444	49.0	132.936560104	5176900.0	9.09090909091
PD_198_filtered_1	1.97882678864	47.0	137.135676187	3783420.0	9.09090909091
PD_198_filtered_2	1.89685645763	47.0	137.25954401	3783420.0	9.09090909091
PD_199P_filtered_1	0.0	44.0	150.0	1.0	27.2727272727
PD_199P_filtered_2	0.0	47.0	151.0	1.0	36.3636363636
PD_1P_filtered_1	2.54786275534	52.0	125.396525486	3652827.0	18.1818181818
PD_1P_filtered_2	2.6262854906	52.0	125.63958107	3652827.0	18.1818181818
PD_200S_filtered_1	1.52601142466	48.0	132.771771317	4789639.0	9.09090909091
PD_200S_filtered_2	1.55610320924	48.0	132.920145756	4789639.0	9.09090909091
PD_203_filtered_1	1.02393274417	48.0	131.410781343	4172597.0	9.09090909091
PD_203_filtered_2	1.02077799225	48.0	131.613251891	4172597.0	9.09090909091
PD_204_filtered_1	2.02371711861	47.0	126.70871141	4017260.0	9.09090909091
PD_204_filtered_2	2.00565158725	48.0	126.913209003	4017260.0	9.09090909091
PD_205P_filtered_1	2.82844723766	45.0	136.893027217	3182015.0	9.09090909091
PD_205P_filtered_2	2.85053736252	45.0	136.956607684	3182015.0	9.09090909091
PD_206S_filtered_1	1.92977264102	48.0	132.547806621	5535614.0	9.09090909091
PD_206S_filtered_2	1.85707294681	48.0	132.659676054	5535614.0	9.09090909091
PD_207P_filtered_1	2.91427980102	48.0	130.638722018	4927956.0	9.09090909091
PD_207P_filtered_2	2.90352411538	48.0	130.922136886	4927956.0	9.09090909091
PD_208S_filtered_1	2.12202428681	48.0	132.821164093	3893519.0	9.09090909091
PD_208S_filtered_2	2.14347748984	48.0	132.928834815	3893519.0	9.09090909091
PD_209P_filtered_1	2.80637223932	46.0	132.515867983	5075787.0	9.09090909091
PD_209P_filtered_2	2.7248394711	46.0	132.632149064	5075787.0	9.09090909091
PD_210S_filtered_1	1.9572790402	46.0	133.711652864	4343473.0	9.09090909091
PD_210S_filtered_2	1.90641691538	46.0	133.756709896	4343473.0	9.09090909091
PD_211P_filtered_1	1.73392973815	44.0	133.846107453	39794.0	9.09090909091
PD_211P_filtered_2	1.71633914661	44.0	133.010956426	39794.0	9.09090909091
PD_212S_filtered_1	1.53221899225	42.0	130.962088178	16512.0	18.1818181818
PD_212S_filtered_2	1.52010658915	42.0	130.045542636	16512.0	9.09090909091
PD_213S_filtered_1	1.82837849745	46.0	132.643615739	5574960.0	9.09090909091
PD_213S_filtered_2	1.87738932538	46.0	132.818474393	5574960.0	9.09090909091
PD_214S_filtered_1	3.25922624242	46.0	135.832585708	4380761.0	9.09090909091
PD_214S_filtered_2	3.22979622369	46.0	135.878550325	4380761.0	9.09090909091
PD_215S_filtered_1	2.59345722362	46.0	133.249460888	6398017.0	9.09090909091
PD_215S_filtered_2	2.51422355797	46.0	133.32567669	6398017.0	9.09090909091
PD_216S_filtered_1	1.5229392728	44.0	132.891427121	31518.0	18.1818181818
PD_216S_filtered_2	1.57370391522	44.0	132.193286376	31518.0	9.09090909091
PD_217P_filtered_1	1.95227765727	42.0	135.145446524	54398.0	18.1818181818
PD_217P_filtered_2	2.03500128681	42.0	134.679694106	54398.0	9.09090909091
PD_218S_filtered_1	1.10775427996	47.0	135.96978852	993.0	9.09090909091
PD_218S_filtered_2	1.10775427996	47.0	136.257804632	993.0	9.09090909091
PD_221P_filtered_1	1.62115176228	48.0	134.085784437	4623496.0	9.09090909091
PD_221P_filtered_2	1.61189541844	48.0	134.207684834	4623496.0	9.09090909091
PD_222S_filtered_1	1.491590309	47.0	130.380703186	4414594.0	9.09090909091
PD_222S_filtered_2	1.45066410829	47.0	130.471238805	4414594.0	9.09090909091
PD_223P_filtered_1	2.62328901197	49.0	132.882881912	6367189.0	9.09090909091
PD_223P_filtered_2	2.5329921297	49.0	132.947308459	6367189.0	9.09090909091
PD_224S_filtered_1	6.20211439969	45.0	134.413522007	6833039.0	9.09090909091
PD_224S_filtered_2	6.21693563847	45.0	134.472348541	6833039.0	9.09090909091
PD_225P_filtered_1	3.32232706624	46.0	132.034252255	5826361.0	9.09090909091
PD_225P_filtered_2	3.34122713488	46.0	132.194037067	5826361.0	9.09090909091
PD_226S_filtered_1	1.84276827296	47.0	133.071620243	4406352.0	9.09090909091
PD_226S_filtered_2	1.82457819714	47.0	133.149799199	4406352.0	9.09090909091
PD_227P_filtered_1	1.29620443654	47.0	124.807123419	3920196.0	9.09090909091
PD_227P_filtered_2	1.33782958585	47.0	125.042451449	3920196.0	9.09090909091
PD_228S_filtered_1	1.3005184446	47.0	134.660776025	4899070.0	9.09090909091
PD_228S_filtered_2	1.28025746319	47.0	134.75545032	4899070.0	9.09090909091
PD_229P_filtered_1	2.48650894758	48.0	132.475266606	4767623.0	9.09090909091
PD_229P_filtered_2	2.47342946145	48.0	132.632443463	4767623.0	9.09090909091
PD_230S_filtered_1	3.17079105081	46.0	134.971510241	4741037.0	9.09090909091
PD_230S_filtered_2	3.20476814551	46.0	135.096498509	4741037.0	9.09090909091
PD_231P_filtered_1	3.06621754614	47.0	130.09044919	5647657.0	9.09090909091
PD_231P_filtered_2	3.11589522961	47.0	130.268611568	5647657.0	9.09090909091
PD_232S_filtered_1	2.53568609393	48.0	131.4556795	4603310.0	9.09090909091
PD_232S_filtered_2	2.52317101135	48.0	131.570240979	4603310.0	9.09090909091
PD_25P_filtered_1	1.64768316279	47.0	122.209211598	3478354.0	9.09090909091
PD_25P_filtered_2	1.64739101945	47.0	122.555450653	3478354.0	9.09090909091
PD_26P_filtered_1	1.19923684928	49.0	123.926955574	3669.0	9.09090909091
PD_26P_filtered_2	1.19923684928	49.0	124.29326792	3669.0	27.2727272727
PD_27P_filtered_1	1.63678716149	47.0	125.992966538	4435938.0	9.09090909091
PD_27P_filtered_2	1.68731785962	47.0	126.181466919	4435938.0	9.09090909091
PD_28P_filtered_1	0.663550239716	48.0	124.873734773	308739.0	9.09090909091
PD_28P_filtered_2	0.685273060766	48.0	125.123311276	308739.0	9.09090909091
PD_29P_filtered_1	1.84829550566	48.0	127.197374228	3056473.0	9.09090909091
PD_29P_filtered_2	1.91790748429	48.0	127.365720554	3056473.0	9.09090909091
PD_2P_filtered_1	0.989569106149	48.0	126.023347616	2633074.0	9.09090909091
PD_2P_filtered_2	0.967412901887	48.0	126.151070574	2633074.0	9.09090909091
PD_30P_filtered_1	1.15528747114	47.0	127.248431437	2574650.0	9.09090909091
PD_30P_filtered_2	1.11568428636	47.0	127.330001359	2574650.0	9.09090909091
PD_31P_filtered_1	1.91067145731	49.0	125.629806842	3449302.0	18.1818181818
PD_31P_filtered_2	1.88316678216	50.0	125.897247037	3449302.0	9.09090909091
PD_32P_filtered_1	1.38773215507	48.0	121.016102173	3927855.0	9.09090909091
PD_32P_filtered_2	1.39649467309	48.0	121.294995869	3927855.0	9.09090909091
PD_33P_filtered_1	1.71730405676	49.0	125.936332214	4122116.0	9.09090909091
PD_33P_filtered_2	1.77853568046	49.0	126.166742518	4122116.0	9.09090909091
PD_34P_filtered_1	1.82400005752	48.0	122.958814751	4350344.0	9.09090909091
PD_34P_filtered_2	1.82419103184	48.0	123.204605429	4350344.0	9.09090909091
PD_35P_filtered_1	2.21050484129	46.0	125.505645185	4098271.0	9.09090909091
PD_35P_filtered_2	2.14469657854	46.0	125.752384359	4098271.0	9.09090909091
PD_36P_filtered_1	1.28635346756	47.0	125.521252796	1788.0	27.2727272727
PD_36P_filtered_2	0.89485458613	47.0	124.725950783	1788.0	9.09090909091
PD_38P_filtered_1	2.73078974068	44.0	124.217009657	3475661.0	9.09090909091
PD_38P_filtered_2	2.73037032229	44.0	124.444379357	3475661.0	9.09090909091
PD_39P_filtered_1	1.04290104788	48.0	124.931066528	2190866.0	9.09090909091
PD_39P_filtered_2	1.04604440573	48.0	125.12285279	2190866.0	9.09090909091
PD_3P_filtered_1	1.27429790156	47.0	123.302730471	3563414.0	9.09090909091
PD_3P_filtered_2	1.28949998723	47.0	123.536594962	3563414.0	9.09090909091
PD_40P_filtered_1	4.81410098062	45.0	127.007434715	3059297.0	9.09090909091
PD_40P_filtered_2	4.81860365538	45.0	127.163212333	3059297.0	9.09090909091
PD_41P_filtered_1	1.75545482735	47.0	132.498361656	3040876.0	9.09090909091
PD_41P_filtered_2	1.7693364065	47.0	132.560958092	3040876.0	9.09090909091
PD_42P_filtered_1	2.67880050256	48.0	127.896395095	4034558.0	18.1818181818
PD_42P_filtered_2	2.70346878212	48.0	128.143829882	4034558.0	18.1818181818
PD_43P_filtered_1	1.06746392861	49.0	123.549325376	2396150.0	9.09090909091
PD_43P_filtered_2	1.03415918353	49.0	123.771876552	2396150.0	9.09090909091
PD_44P_filtered_1	1.55371922616	47.0	126.225730866	3398844.0	9.09090909091
PD_44P_filtered_2	1.53103756759	47.0	126.458804817	3398844.0	9.09090909091
PD_45P_filtered_1	1.54431123881	47.0	127.248350457	4303769.0	9.09090909091
PD_45P_filtered_2	1.5193801138	47.0	127.571692161	4303769.0	9.09090909091
PD_46P_filtered_1	1.96034325541	50.0	125.852342781	3673156.0	9.09090909091
PD_46P_filtered_2	1.95042565897	50.0	126.097126286	3673156.0	9.09090909091
PD_47P_filtered_1	1.69038522896	48.0	127.740527712	3277244.0	9.09090909091
PD_47P_filtered_2	1.67113806902	48.0	127.927077142	3277244.0	9.09090909091
PD_48P_filtered_1	1.70824432877	47.0	127.069649496	3137424.0	9.09090909091
PD_48P_filtered_2	1.67330809462	47.0	127.20134161	3137424.0	9.09090909091
PD_4P_filtered_1	1.06730855609	48.0	122.070409537	3313500.0	9.09090909091
PD_4P_filtered_2	1.06484303464	48.0	122.351728384	3313500.0	9.09090909091
PD_50P_filtered_1	0.894668245061	47.0	126.573941595	218064.0	9.09090909091
PD_50P_filtered_2	0.921044122302	47.0	126.862783403	218064.0	9.09090909091
PD_51P_filtered_1	1.90525660471	46.0	129.280906519	3407671.0	9.09090909091
PD_51P_filtered_2	1.94517494831	46.0	129.387932697	3407671.0	9.09090909091
PD_52P_filtered_1	0.956083473224	50.0	125.424504586	2528743.0	9.09090909091
PD_52P_filtered_2	0.966210707182	50.0	125.642271279	2528743.0	9.09090909091
PD_53P_filtered_1	1.3693994768	47.0	129.335579284	3223876.0	9.09090909091
PD_53P_filtered_2	1.32212853256	47.0	129.404746957	3223876.0	9.09090909091
PD_54P_filtered_1	2.31464629077	48.0	126.509542892	3796281.0	9.09090909091
PD_54P_filtered_2	2.28274307883	48.0	126.694720965	3796281.0	9.09090909091
PD_55P_filtered_1	3.16859088697	47.0	131.546064483	3604838.0	9.09090909091
PD_55P_filtered_2	3.06228564417	47.0	131.675935507	3604838.0	9.09090909091
PD_56P_filtered_1	2.24294691362	48.0	126.629613455	6315494.0	9.09090909091
PD_56P_filtered_2	2.19099766285	48.0	126.809243426	6315494.0	9.09090909091
PD_57P_filtered_1	3.19959575538	45.0	123.446243661	4090113.0	9.09090909091
PD_57P_filtered_2	3.13697447283	45.0	123.799752721	4090113.0	9.09090909091
PD_58P_filtered_1	1.60726440381	48.0	126.854830026	3428822.0	9.09090909091
PD_58P_filtered_2	1.64574257325	48.0	127.072127979	3428822.0	9.09090909091
PD_59P_filtered_1	1.04327284432	51.0	125.343930864	2560974.0	9.09090909091
PD_59P_filtered_2	1.05372585041	51.0	125.556038445	2560974.0	18.1818181818
PD_5P_filtered_1	1.33179447619	49.0	125.796788621	3277533.0	9.09090909091
PD_5P_filtered_2	1.32173967389	49.0	126.037393979	3277533.0	9.09090909091
PD_60P_filtered_1	1.50229694514	47.0	126.039053564	3599313.0	9.09090909091
PD_60P_filtered_2	1.48045021007	47.0	126.32795314	3599313.0	9.09090909091
PD_63P_filtered_1	1.70568285229	47.0	136.920586367	3019406.0	9.09090909091
PD_63P_filtered_2	1.71149895728	47.0	136.938215662	3019406.0	9.09090909091
PD_64P_filtered_1	1.19202014731	48.0	122.973734823	3983830.0	9.09090909091
PD_64P_filtered_2	1.12053598535	48.0	123.208788026	3983830.0	9.09090909091
PD_65P_filtered_1	1.42017156431	48.0	125.36541318	3300182.0	9.09090909091
PD_65P_filtered_2	1.42065515091	48.0	125.630874297	3300182.0	9.09090909091
PD_66P_filtered_1	1.40755272482	46.0	125.027401471	2700512.0	9.09090909091
PD_66P_filtered_2	1.41540842122	46.0	125.249645252	2700512.0	9.09090909091
PD_6P_filtered_1	1.03798399426	47.0	126.047027834	2436472.0	9.09090909091
PD_6P_filtered_2	1.01993520777	47.0	126.237675623	2436472.0	9.09090909091
PD_70P_filtered_1	2.80460785121	46.0	126.791415865	2687050.0	9.09090909091
PD_70P_filtered_2	2.80274154034	46.0	126.962160734	2687050.0	9.09090909091
PD_73P_filtered_1	0.699254557004	45.0	130.528061534	1172174.0	9.09090909091
PD_73P_filtered_2	0.670899537438	45.0	130.63833697	1172174.0	9.09090909091
PD_74P_filtered_1	2.59964563878	48.0	124.93544177	3330683.0	9.09090909091
PD_74P_filtered_2	2.52841116826	48.0	125.160370411	3330683.0	9.09090909091
PD_75P_filtered_1	1.09829688704	47.0	126.86191776	2820102.0	9.09090909091
PD_75P_filtered_2	1.07220227107	47.0	127.127354259	2820102.0	9.09090909091
PD_76P_filtered_1	2.73692967468	49.0	127.589756483	2605277.0	9.09090909091
PD_76P_filtered_2	2.68080993159	49.0	127.686080981	2605277.0	9.09090909091
PD_77P_filtered_1	1.25215046767	50.0	123.597152768	3692288.0	9.09090909091
PD_77P_filtered_2	1.24918679427	50.0	123.859343583	3692288.0	9.09090909091
PD_78P_filtered_1	1.16539709299	49.0	125.335995145	2550894.0	9.09090909091
PD_78P_filtered_2	1.1950631159	49.0	125.602791022	2550894.0	9.09090909091
PD_79S_filtered_1	1.69682497422	47.0	126.145816512	3704313.0	9.09090909091
PD_79S_filtered_2	1.71124477176	47.0	126.241936899	3704313.0	9.09090909091
PD_7P_filtered_1	5.36847774418	43.0	125.251053676	3169143.0	9.09090909091
PD_7P_filtered_2	5.47175572331	43.0	125.467454766	3169143.0	9.09090909091
PD_81P_filtered_1	1.42671854734	48.0	124.319066148	771.0	27.2727272727
PD_81P_filtered_2	1.29701686122	48.0	122.996108949	771.0	18.1818181818
PD_82P_filtered_1	1.25292615594	47.0	128.411882854	3246661.0	9.09090909091
PD_82P_filtered_2	1.23160759997	47.0	128.544242839	3246661.0	9.09090909091
PD_83P_filtered_1	1.59258664955	45.0	128.112684531	49856.0	9.09090909091
PD_83P_filtered_2	1.51837291399	46.0	128.285662709	49856.0	9.09090909091
PD_84P_filtered_1	1.29561808193	49.0	119.023967105	3072044.0	18.1818181818
PD_84P_filtered_2	1.34751066929	50.0	119.359474669	3072044.0	18.1818181818
PD_8P_filtered_1	6.0690941305	47.0	124.585562546	4013450.0	9.09090909091
PD_8P_filtered_2	6.12045315956	47.0	124.898928852	4013450.0	9.09090909091
PD_9P_filtered_1	6.11084425451	46.0	125.61480762	3763792.0	9.09090909091
PD_9P_filtered_2	6.06581049107	46.0	125.825430842	3763792.0	9.09090909091
PD_Extr_neg_plate1_filtered_1	1.21689334288	52.0	128.4452398	1397.0	18.1818181818
PD_Extr_neg_plate1_filtered_2	1.07372942019	51.0	128.329277022	1397.0	9.09090909091
PD_Extr_neg_plate2_filtered_1	0.0	48.0	120.324324324	37.0	36.3636363636
PD_Extr_neg_plate2_filtered_2	0.0	49.0	120.0	37.0	36.3636363636
PD_Extr_neg_plate3_filtered_1	1.50214592275	55.0	114.227467811	466.0	27.2727272727
PD_Extr_neg_plate3_filtered_2	1.07296137339	55.0	114.690987124	466.0	27.2727272727
PD_Extr_pos_plate1_filtered_1	2.22534150433	45.0	139.911602588	29209.0	9.09090909091
PD_Extr_pos_plate1_filtered_2	1.91037009141	45.0	139.531582731	29209.0	9.09090909091
PD_Extr_pos_plate2_filtered_1	1.24826629681	45.0	130.227461859	721.0	18.1818181818
PD_Extr_pos_plate2_filtered_2	0.970873786408	45.0	129.486823856	721.0	9.09090909091
PD_Extr_pos_plate3_filtered_1	6.00594748915	51.0	133.140566846	5220534.0	9.09090909091
PD_Extr_pos_plate3_filtered_2	5.88112315046	51.0	133.357970277	5220534.0	9.09090909091
PD_Lib_neg_plate1_filtered_1	1.45631067961	52.0	127.723300971	2060.0	27.2727272727
PD_Lib_neg_plate1_filtered_2	1.16504854369	52.0	127.848543689	2060.0	27.2727272727
PD_Lib_neg_plate2_filtered_1	1.29032258065	51.0	132.55483871	310.0	18.1818181818
PD_Lib_neg_plate2_filtered_2	0.967741935484	51.0	132.735483871	310.0	18.1818181818
PD_Lib_pos_plate1_filtered_1	4.79693866251	47.0	138.162175546	4030694.0	9.09090909091
PD_Lib_pos_plate1_filtered_2	4.85764774162	47.0	138.177911298	4030694.0	9.09090909091
PD_Lib_pos_plate2_filtered_1	4.76094747423	47.0	140.457308749	3812116.0	9.09090909091
PD_Lib_pos_plate2_filtered_2	4.62367628744	47.0	140.47437014	3812116.0	9.09090909091
