	27.0	28.0	29.0	30.0	31.0	32.0	33.0	34.0	35.0	36.0	37.0	38.0	39.0	40.0
PD_100P_1_bbduk_filt	1.0	0.0	2.0	14.0	113.0	902.0	4157.0	11739.0	23578.0	45855.0	85906.0	234634.0	1625522.0	582468.0
	24.0	25.0	26.0	27.0	28.0	29.0	30.0	31.0	32.0	33.0	34.0	35.0	36.0	37.0	38.0	39.0	40.0
PD_100P_2_bbduk_filt	1.0	4.0	6.0	22.0	67.0	214.0	461.0	948.0	2322.0	5469.0	12214.0	24443.0	47003.0	91684.0	268562.0	1703213.0	458258.0
	29.0	30.0	31.0	32.0	33.0	34.0	35.0	36.0	37.0	38.0	39.0	40.0
PD_104P_1_bbduk_filt	2.0	14.0	168.0	1350.0	5592.0	15454.0	30726.0	56514.0	98530.0	247601.0	1780052.0	709238.0
	24.0	25.0	26.0	27.0	28.0	29.0	30.0	31.0	32.0	33.0	34.0	35.0	36.0	37.0	38.0	39.0	40.0
PD_104P_2_bbduk_filt	2.0	1.0	7.0	11.0	47.0	94.0	232.0	538.0	1531.0	4054.0	10175.0	21259.0	43144.0	85097.0	250836.0	1912888.0	615325.0
	29.0	30.0	31.0	32.0	33.0	34.0	35.0	36.0	37.0	38.0	39.0	40.0
PD_105P_1_bbduk_filt	1.0	11.0	72.0	626.0	2641.0	7690.0	15827.0	31076.0	57854.0	154569.0	1216346.0	488398.0
	25.0	26.0	27.0	28.0	29.0	30.0	31.0	32.0	33.0	34.0	35.0	36.0	37.0	38.0	39.0	40.0
PD_105P_2_bbduk_filt	2.0	2.0	10.0	38.0	57.0	147.0	315.0	810.0	2153.0	5240.0	11335.0	23757.0	49480.0	158256.0	1295142.0	428367.0
	26.0	27.0	28.0	29.0	30.0	31.0	32.0	33.0	34.0	35.0	36.0	37.0	38.0	39.0	40.0
PD_107P_1_bbduk_filt	1.0	2.0	2.0	14.0	19.0	55.0	157.0	358.0	804.0	1674.0	6841.0	24142.0	16148.0	24060.0	5095.0
	30.0	31.0	32.0	33.0	34.0	35.0	36.0	37.0	38.0	39.0	40.0
PD_107P_2_bbduk_filt	2.0	1.0	0.0	3.0	11.0	134.0	803.0	3183.0	10148.0	55054.0	10033.0
	29.0	30.0	31.0	32.0	33.0	34.0	35.0	36.0	37.0	38.0	39.0	40.0
PD_108S_1_bbduk_filt	1.0	18.0	184.0	1375.0	6032.0	16631.0	34265.0	64679.0	116121.0	300721.0	2222346.0	925931.0
	25.0	26.0	27.0	28.0	29.0	30.0	31.0	32.0	33.0	34.0	35.0	36.0	37.0	38.0	39.0	40.0
PD_108S_2_bbduk_filt	1.0	5.0	22.0	67.0	146.0	385.0	895.0	2157.0	5125.0	12335.0	25176.0	51412.0	104068.0	318197.0	2395306.0	773007.0
	29.0	30.0	31.0	32.0	33.0	34.0	35.0	36.0	37.0	38.0	39.0	40.0
PD_109S_1_bbduk_filt	5.0	14.0	161.0	1342.0	5636.0	15393.0	30719.0	58001.0	106880.0	281983.0	2022664.0	785743.0
	25.0	26.0	27.0	28.0	29.0	30.0	31.0	32.0	33.0	34.0	35.0	36.0	37.0	38.0	39.0	40.0
PD_109S_2_bbduk_filt	1.0	11.0	16.0	68.0	183.0	425.0	978.0	2355.0	5675.0	12848.0	26078.0	52051.0	103762.0	308906.0	2146405.0	648779.0
	27.0	28.0	29.0	30.0	31.0	32.0	33.0	34.0	35.0	36.0	37.0	38.0	39.0	40.0
PD_10P_1_bbduk_filt	6.0	9.0	15.0	24.0	148.0	865.0	3705.0	10144.0	19625.0	37297.0	70927.0	158495.0	988205.0	348375.0
	25.0	26.0	27.0	28.0	29.0	30.0	31.0	32.0	33.0	34.0	35.0	36.0	37.0	38.0	39.0	40.0
PD_10P_2_bbduk_filt	1.0	4.0	16.0	41.0	115.0	274.0	561.0	1357.0	3404.0	7527.0	15428.0	30422.0	59102.0	168886.0	1044776.0	305926.0
	27.0	28.0	29.0	30.0	31.0	32.0	33.0	34.0	35.0	36.0	37.0	38.0	39.0	40.0
PD_110S_1_bbduk_filt	1.0	2.0	5.0	22.0	147.0	1070.0	4543.0	12547.0	24393.0	46110.0	84111.0	218822.0	1556218.0	617460.0
	24.0	25.0	26.0	27.0	28.0	29.0	30.0	31.0	32.0	33.0	34.0	35.0	36.0	37.0	38.0	39.0	40.0
PD_110S_2_bbduk_filt	2.0	2.0	7.0	32.0	63.0	150.0	333.0	727.0	1743.0	4367.0	9939.0	20132.0	41132.0	81047.0	239886.0	1661554.0	504335.0
	27.0	28.0	29.0	30.0	31.0	32.0	33.0	34.0	35.0	36.0	37.0	38.0	39.0	40.0
PD_111P_1_bbduk_filt	1.0	1.0	3.0	7.0	127.0	953.0	4086.0	11523.0	24178.0	47190.0	86117.0	226063.0	1691326.0	688784.0
	24.0	25.0	26.0	27.0	28.0	29.0	30.0	31.0	32.0	33.0	34.0	35.0	36.0	37.0	38.0	39.0	40.0
PD_111P_2_bbduk_filt	1.0	4.0	11.0	14.0	60.0	153.0	287.0	597.0	1595.0	3802.0	8825.0	18369.0	37732.0	77223.0	239485.0	1808797.0	583404.0
	26.0	27.0	28.0	29.0	30.0	31.0	32.0	33.0	34.0	35.0	36.0	37.0	38.0	39.0	40.0
PD_112S_1_bbduk_filt	2.0	8.0	12.0	14.0	38.0	81.0	174.0	359.0	758.0	1496.0	6919.0	12334.0	13032.0	26076.0	5247.0
	29.0	30.0	31.0	32.0	33.0	34.0	35.0	36.0	37.0	38.0	39.0	40.0
PD_112S_2_bbduk_filt	1.0	3.0	5.0	8.0	7.0	47.0	161.0	633.0	2401.0	7121.0	44098.0	12065.0
	28.0	29.0	30.0	31.0	32.0	33.0	34.0	35.0	36.0	37.0	38.0	39.0	40.0
PD_113P_1_bbduk_filt	1.0	5.0	12.0	171.0	1487.0	6662.0	18536.0	37688.0	70916.0	127793.0	338857.0	2345118.0	814981.0
	26.0	27.0	28.0	29.0	30.0	31.0	32.0	33.0	34.0	35.0	36.0	37.0	38.0	39.0	40.0
PD_113P_2_bbduk_filt	8.0	27.0	80.0	166.0	415.0	882.0	2339.0	6198.0	15316.0	31867.0	64317.0	125905.0	381858.0	2487388.0	645461.0
	25.0	26.0	27.0	28.0	29.0	30.0	31.0	32.0	33.0	34.0	35.0	36.0	37.0	38.0	39.0	40.0
PD_114P_1_bbduk_filt	1.0	2.0	0.0	2.0	1.0	13.0	127.0	857.0	3570.0	9695.0	19106.0	35951.0	63126.0	161824.0	1178278.0	484748.0
	25.0	26.0	27.0	28.0	29.0	30.0	31.0	32.0	33.0	34.0	35.0	36.0	37.0	38.0	39.0	40.0
PD_114P_2_bbduk_filt	3.0	2.0	13.0	29.0	78.0	181.0	390.0	1031.0	2710.0	6615.0	13887.0	28447.0	57099.0	172180.0	1268388.0	406248.0
	26.0	27.0	28.0	29.0	30.0	31.0	32.0	33.0	34.0	35.0	36.0	37.0	38.0	39.0	40.0
PD_115S_1_bbduk_filt	1.0	0.0	2.0	1.0	9.0	110.0	965.0	4178.0	11712.0	24095.0	46044.0	85176.0	229246.0	1793481.0	717468.0
	25.0	26.0	27.0	28.0	29.0	30.0	31.0	32.0	33.0	34.0	35.0	36.0	37.0	38.0	39.0	40.0
PD_115S_2_bbduk_filt	7.0	5.0	19.0	47.0	117.0	230.0	530.0	1335.0	3684.0	9053.0	19377.0	39620.0	81361.0	256485.0	1962701.0	537917.0
	29.0	30.0	31.0	32.0	33.0	34.0	35.0	36.0	37.0	38.0	39.0	40.0
PD_116P_1_bbduk_filt	4.0	26.0	236.0	1738.0	7403.0	19659.0	39256.0	72341.0	125391.0	313975.0	2300920.0	955558.0
	24.0	25.0	26.0	27.0	28.0	29.0	30.0	31.0	32.0	33.0	34.0	35.0	36.0	37.0	38.0	39.0	40.0
PD_116P_2_bbduk_filt	2.0	2.0	8.0	18.0	54.0	101.0	258.0	598.0	1640.0	5016.0	12725.0	27887.0	56956.0	112582.0	333997.0	2510576.0	774087.0
	27.0	28.0	29.0	30.0	31.0	32.0	33.0	34.0	35.0	36.0	37.0	38.0	39.0	40.0
PD_117_1_bbduk_filt	1.0	0.0	0.0	18.0	121.0	870.0	4170.0	11827.0	25140.0	49207.0	91693.0	247990.0	1829221.0	709460.0
	23.0	24.0	25.0	26.0	27.0	28.0	29.0	30.0	31.0	32.0	33.0	34.0	35.0	36.0	37.0	38.0	39.0	40.0
PD_117_2_bbduk_filt	1.0	2.0	1.0	8.0	17.0	55.0	137.0	378.0	737.0	1845.0	4416.0	10006.0	20278.0	41352.0	84624.0	266050.0	1959739.0	580072.0
	29.0	30.0	31.0	32.0	33.0	34.0	35.0	36.0	37.0	38.0	39.0	40.0
PD_118_1_bbduk_filt	3.0	9.0	110.0	820.0	3614.0	10500.0	22245.0	44577.0	87865.0	249608.0	1927557.0	757492.0
	25.0	26.0	27.0	28.0	29.0	30.0	31.0	32.0	33.0	34.0	35.0	36.0	37.0	38.0	39.0	40.0
PD_118_2_bbduk_filt	3.0	12.0	28.0	95.0	250.0	604.0	1229.0	2761.0	5973.0	13146.0	25152.0	49317.0	97420.0	297576.0	2012313.0	598521.0
	27.0	28.0	29.0	30.0	31.0	32.0	33.0	34.0	35.0	36.0	37.0	38.0	39.0	40.0
PD_119P_1_bbduk_filt	1.0	0.0	4.0	9.0	123.0	1097.0	4792.0	12890.0	25430.0	47507.0	83356.0	209797.0	1490197.0	615611.0
	24.0	25.0	26.0	27.0	28.0	29.0	30.0	31.0	32.0	33.0	34.0	35.0	36.0	37.0	38.0	39.0	40.0
PD_119P_2_bbduk_filt	2.0	2.0	8.0	18.0	57.0	153.0	340.0	762.0	1938.0	4755.0	10956.0	21976.0	42958.0	81989.0	239116.0	1619083.0	466701.0
	27.0	28.0	29.0	30.0	31.0	32.0	33.0	34.0	35.0	36.0	37.0	38.0	39.0	40.0
PD_11P_1_bbduk_filt	1.0	2.0	3.0	12.0	162.0	1078.0	4592.0	12907.0	25416.0	48602.0	89970.0	223628.0	1540779.0	592702.0
	25.0	26.0	27.0	28.0	29.0	30.0	31.0	32.0	33.0	34.0	35.0	36.0	37.0	38.0	39.0	40.0
PD_11P_2_bbduk_filt	2.0	9.0	17.0	67.0	153.0	386.0	844.0	2073.0	5080.0	11431.0	22934.0	44614.0	86291.0	249923.0	1632464.0	483566.0
	26.0	27.0	28.0	29.0	30.0	31.0	32.0	33.0	34.0	35.0	36.0	37.0	38.0	39.0	40.0
PD_120S_1_bbduk_filt	1.0	0.0	1.0	2.0	20.0	115.0	931.0	4160.0	10940.0	22022.0	40619.0	71481.0	180263.0	1226746.0	492037.0
	25.0	26.0	27.0	28.0	29.0	30.0	31.0	32.0	33.0	34.0	35.0	36.0	37.0	38.0	39.0	40.0
PD_120S_2_bbduk_filt	3.0	3.0	15.0	43.0	119.0	292.0	639.0	1595.0	4018.0	9508.0	19313.0	38343.0	72333.0	206604.0	1319280.0	377230.0
	26.0	27.0	28.0	29.0	30.0	31.0	32.0	33.0	34.0	35.0	36.0	37.0	38.0	39.0	40.0
PD_121S_1_bbduk_filt	1.0	0.0	1.0	1.0	19.0	205.0	1680.0	7043.0	19842.0	40559.0	77501.0	140366.0	363141.0	2524672.0	922986.0
	24.0	25.0	26.0	27.0	28.0	29.0	30.0	31.0	32.0	33.0	34.0	35.0	36.0	37.0	38.0	39.0	40.0
PD_121S_2_bbduk_filt	4.0	7.0	9.0	29.0	92.0	232.0	514.0	1172.0	2748.0	7137.0	16493.0	34159.0	69052.0	135639.0	401848.0	2672694.0	756188.0
	29.0	30.0	31.0	32.0	33.0	34.0	35.0	36.0	37.0	38.0	39.0	40.0
PD_122S_1_bbduk_filt	1.0	16.0	161.0	1255.0	5304.0	14452.0	28445.0	53712.0	94000.0	235455.0	1716357.0	708896.0
	25.0	26.0	27.0	28.0	29.0	30.0	31.0	32.0	33.0	34.0	35.0	36.0	37.0	38.0	39.0	40.0
PD_122S_2_bbduk_filt	1.0	3.0	9.0	29.0	89.0	222.0	531.0	1313.0	3355.0	8741.0	18447.0	38769.0	78055.0	236769.0	1849991.0	621730.0
	29.0	30.0	31.0	32.0	33.0	34.0	35.0	36.0	37.0	38.0	39.0	40.0
PD_123P_1_bbduk_filt	6.0	22.0	225.0	1874.0	8058.0	21170.0	40727.0	73617.0	127904.0	316925.0	2209865.0	927830.0
	24.0	25.0	26.0	27.0	28.0	29.0	30.0	31.0	32.0	33.0	34.0	35.0	36.0	37.0	38.0	39.0	40.0
PD_123P_2_bbduk_filt	2.0	3.0	12.0	25.0	80.0	169.0	388.0	925.0	2590.0	6950.0	16735.0	34347.0	67351.0	127869.0	361357.0	2404482.0	704938.0
	29.0	30.0	31.0	32.0	33.0	34.0	35.0	36.0	37.0	38.0	39.0	40.0
PD_126P_1_bbduk_filt	2.0	14.0	135.0	1041.0	5148.0	14603.0	30023.0	57528.0	106178.0	277390.0	2023244.0	764021.0
	23.0	24.0	25.0	26.0	27.0	28.0	29.0	30.0	31.0	32.0	33.0	34.0	35.0	36.0	37.0	38.0	39.0	40.0
PD_126P_2_bbduk_filt	1.0	0.0	2.0	5.0	23.0	68.0	147.0	295.0	752.0	1890.0	5151.0	12219.0	25064.0	51188.0	101494.0	309257.0	2162589.0	609182.0
	29.0	30.0	31.0	32.0	33.0	34.0	35.0	36.0	37.0	38.0	39.0	40.0
PD_127S_1_bbduk_filt	1.0	16.0	239.0	1673.0	7526.0	19898.0	40372.0	75452.0	135590.0	353159.0	2429470.0	875549.0
	25.0	26.0	27.0	28.0	29.0	30.0	31.0	32.0	33.0	34.0	35.0	36.0	37.0	38.0	39.0	40.0
PD_127S_2_bbduk_filt	3.0	10.0	18.0	71.0	180.0	482.0	982.0	2503.0	6571.0	15623.0	33087.0	66101.0	130052.0	385138.0	2560836.0	737288.0
	28.0	29.0	30.0	31.0	32.0	33.0	34.0	35.0	36.0	37.0	38.0	39.0	40.0
PD_128S_1_bbduk_filt	1.0	4.0	21.0	151.0	1196.0	5256.0	14577.0	29722.0	56950.0	103277.0	272929.0	2006968.0	823531.0
	25.0	26.0	27.0	28.0	29.0	30.0	31.0	32.0	33.0	34.0	35.0	36.0	37.0	38.0	39.0	40.0
PD_128S_2_bbduk_filt	3.0	12.0	23.0	69.0	188.0	461.0	1099.0	2486.0	5986.0	13466.0	26724.0	52963.0	103631.0	307945.0	2148820.0	650707.0
	27.0	28.0	29.0	30.0	31.0	32.0	33.0	34.0	35.0	36.0	37.0	38.0	39.0	40.0
PD_129P_1_bbduk_filt	1.0	2.0	7.0	12.0	103.0	768.0	3178.0	9044.0	18112.0	34455.0	61928.0	161161.0	1103622.0	370688.0
	24.0	25.0	26.0	27.0	28.0	29.0	30.0	31.0	32.0	33.0	34.0	35.0	36.0	37.0	38.0	39.0	40.0
PD_129P_2_bbduk_filt	2.0	1.0	6.0	15.0	58.0	128.0	300.0	576.0	1482.0	3327.0	7541.0	15042.0	30192.0	58216.0	173119.0	1147829.0	325247.0
	27.0	28.0	29.0	30.0	31.0	32.0	33.0	34.0	35.0	36.0	37.0	38.0	39.0	40.0
PD_12P_1_bbduk_filt	2.0	2.0	1.0	14.0	91.0	776.0	3223.0	8605.0	17725.0	34006.0	62701.0	153270.0	1109512.0	440324.0
	25.0	26.0	27.0	28.0	29.0	30.0	31.0	32.0	33.0	34.0	35.0	36.0	37.0	38.0	39.0	40.0
PD_12P_2_bbduk_filt	3.0	10.0	7.0	26.0	92.0	193.0	394.0	1001.0	2619.0	5909.0	12477.0	25577.0	51360.0	158247.0	1197339.0	374998.0
	27.0	28.0	29.0	30.0	31.0	32.0	33.0	34.0	35.0	36.0	37.0	38.0	39.0	40.0
PD_130S_1_bbduk_filt	1.0	0.0	4.0	12.0	103.0	776.0	3518.0	10194.0	20895.0	40954.0	78606.0	218320.0	1689897.0	665512.0
	25.0	26.0	27.0	28.0	29.0	30.0	31.0	32.0	33.0	34.0	35.0	36.0	37.0	38.0	39.0	40.0
PD_130S_2_bbduk_filt	2.0	8.0	17.0	60.0	180.0	390.0	842.0	1981.0	4525.0	9941.0	19770.0	39057.0	78498.0	241365.0	1773434.0	558722.0
	29.0	30.0	31.0	32.0	33.0	34.0	35.0	36.0	37.0	38.0	39.0	40.0
PD_131P_1_bbduk_filt	2.0	18.0	131.0	1039.0	4375.0	11873.0	23489.0	43732.0	77480.0	194015.0	1400905.0	606928.0
	26.0	27.0	28.0	29.0	30.0	31.0	32.0	33.0	34.0	35.0	36.0	37.0	38.0	39.0	40.0
PD_131P_2_bbduk_filt	5.0	12.0	38.0	114.0	298.0	626.0	1594.0	3996.0	9181.0	18878.0	38086.0	74335.0	217924.0	1531573.0	467327.0
	26.0	27.0	28.0	29.0	30.0	31.0	32.0	33.0	34.0	35.0	36.0	37.0	38.0	39.0	40.0
PD_134S_1_bbduk_filt	1.0	0.0	0.0	4.0	29.0	201.0	1670.0	7060.0	19781.0	39022.0	74285.0	133298.0	347274.0	2541575.0	1039855.0
	25.0	26.0	27.0	28.0	29.0	30.0	31.0	32.0	33.0	34.0	35.0	36.0	37.0	38.0	39.0	40.0
PD_134S_2_bbduk_filt	4.0	13.0	22.0	72.0	214.0	546.0	1210.0	3085.0	7554.0	17658.0	35415.0	69691.0	136173.0	403519.0	2737226.0	791653.0
	26.0	27.0	28.0	29.0	30.0	31.0	32.0	33.0	34.0	35.0	36.0	37.0	38.0	39.0	40.0
PD_137P_1_bbduk_filt	1.0	0.0	0.0	2.0	20.0	202.0	1701.0	7119.0	18941.0	37214.0	67786.0	118704.0	297049.0	2114181.0	854151.0
	25.0	26.0	27.0	28.0	29.0	30.0	31.0	32.0	33.0	34.0	35.0	36.0	37.0	38.0	39.0	40.0
PD_137P_2_bbduk_filt	4.0	6.0	21.0	57.0	143.0	318.0	726.0	2058.0	5712.0	14327.0	29422.0	60292.0	115399.0	333916.0	2302788.0	651882.0
	28.0	29.0	30.0	31.0	32.0	33.0	34.0	35.0	36.0	37.0	38.0	39.0	40.0
PD_138S_1_bbduk_filt	2.0	1.0	5.0	72.0	448.0	2077.0	6243.0	12906.0	26179.0	50661.0	142592.0	1216960.0	543824.0
	25.0	26.0	27.0	28.0	29.0	30.0	31.0	32.0	33.0	34.0	35.0	36.0	37.0	38.0	39.0	40.0
PD_138S_2_bbduk_filt	1.0	5.0	8.0	38.0	82.0	194.0	382.0	910.0	2170.0	4855.0	10113.0	21241.0	44816.0	148798.0	1320233.0	448124.0
	27.0	28.0	29.0	30.0	31.0	32.0	33.0	34.0	35.0	36.0	37.0	38.0	39.0	40.0
PD_13P_1_bbduk_filt	1.0	2.0	4.0	14.0	139.0	1083.0	4757.0	13369.0	25992.0	48851.0	88788.0	227514.0	1579241.0	601732.0
	24.0	25.0	26.0	27.0	28.0	29.0	30.0	31.0	32.0	33.0	34.0	35.0	36.0	37.0	38.0	39.0	40.0
PD_13P_2_bbduk_filt	1.0	2.0	5.0	22.0	49.0	147.0	375.0	794.0	1906.0	4477.0	10436.0	21040.0	42329.0	83421.0	250654.0	1691033.0	484796.0
	26.0	27.0	28.0	29.0	30.0	31.0	32.0	33.0	34.0	35.0	36.0	37.0	38.0	39.0	40.0
PD_140S_1_bbduk_filt	1.0	0.0	1.0	3.0	35.0	286.0	2176.0	9594.0	25516.0	50109.0	91729.0	161003.0	404956.0	2824511.0	1105396.0
	26.0	27.0	28.0	29.0	30.0	31.0	32.0	33.0	34.0	35.0	36.0	37.0	38.0	39.0	40.0
PD_140S_2_bbduk_filt	16.0	28.0	73.0	197.0	471.0	1072.0	2716.0	7151.0	17292.0	36319.0	73876.0	147321.0	436636.0	3029070.0	923078.0
	29.0	30.0	31.0	32.0	33.0	34.0	35.0	36.0	37.0	38.0	39.0	40.0
PD_141P_1_bbduk_filt	3.0	31.0	272.0	2011.0	8737.0	23501.0	46417.0	84420.0	150020.0	379146.0	2732999.0	1082132.0
	24.0	25.0	26.0	27.0	28.0	29.0	30.0	31.0	32.0	33.0	34.0	35.0	36.0	37.0	38.0	39.0	40.0
PD_141P_2_bbduk_filt	1.0	5.0	4.0	27.0	68.0	177.0	429.0	981.0	2633.0	7261.0	17346.0	36561.0	74466.0	144821.0	427322.0	2947874.0	849713.0
	27.0	28.0	29.0	30.0	31.0	32.0	33.0	34.0	35.0	36.0	37.0	38.0	39.0	40.0
PD_142S_1_bbduk_filt	1.0	0.0	4.0	16.0	137.0	1042.0	4877.0	13292.0	27555.0	53312.0	101342.0	279785.0	2106045.0	744968.0
	24.0	25.0	26.0	27.0	28.0	29.0	30.0	31.0	32.0	33.0	34.0	35.0	36.0	37.0	38.0	39.0	40.0
PD_142S_2_bbduk_filt	2.0	5.0	11.0	29.0	73.0	166.0	401.0	911.0	2290.0	5774.0	13299.0	27164.0	54311.0	107467.0	333002.0	2217086.0	570385.0
	30.0	31.0	32.0	33.0	34.0	35.0	36.0	37.0	38.0	39.0	40.0
PD_145P_1_bbduk_filt	25.0	241.0	1861.0	8337.0	22832.0	45113.0	84436.0	150348.0	386051.0	2739021.0	1106914.0
	23.0	24.0	25.0	26.0	27.0	28.0	29.0	30.0	31.0	32.0	33.0	34.0	35.0	36.0	37.0	38.0	39.0	40.0
PD_145P_2_bbduk_filt	1.0	2.0	2.0	16.0	48.0	93.0	251.0	591.0	1325.0	3367.0	8255.0	19890.0	40063.0	79209.0	152427.0	441927.0	2965802.0	831910.0
	29.0	30.0	31.0	32.0	33.0	34.0	35.0	36.0	37.0	38.0	39.0	40.0
PD_146S_1_bbduk_filt	1.0	10.0	134.0	1064.0	4736.0	12841.0	25995.0	49440.0	90519.0	237649.0	1752677.0	691823.0
	25.0	26.0	27.0	28.0	29.0	30.0	31.0	32.0	33.0	34.0	35.0	36.0	37.0	38.0	39.0	40.0
PD_146S_2_bbduk_filt	1.0	9.0	15.0	66.0	148.0	325.0	793.0	1940.0	4797.0	11279.0	22839.0	45685.0	89934.0	270037.0	1880673.0	538348.0
	27.0	28.0	29.0	30.0	31.0	32.0	33.0	34.0	35.0	36.0	37.0	38.0	39.0	40.0
PD_147_1_bbduk_filt	1.0	1.0	3.0	19.0	172.0	1421.0	6107.0	16478.0	33267.0	62884.0	115042.0	300693.0	2236833.0	888236.0
	25.0	26.0	27.0	28.0	29.0	30.0	31.0	32.0	33.0	34.0	35.0	36.0	37.0	38.0	39.0	40.0
PD_147_2_bbduk_filt	3.0	5.0	26.0	74.0	214.0	483.0	1021.0	2633.0	6165.0	14080.0	28029.0	56252.0	111127.0	336289.0	2385236.0	719520.0
	26.0	27.0	28.0	29.0	30.0	31.0	32.0	33.0	34.0	35.0	36.0	37.0	38.0	39.0	40.0
PD_148P_1_bbduk_filt	1.0	0.0	0.0	3.0	23.0	211.0	1780.0	7630.0	20585.0	41221.0	77694.0	141126.0	366800.0	2483135.0	927744.0
	24.0	25.0	26.0	27.0	28.0	29.0	30.0	31.0	32.0	33.0	34.0	35.0	36.0	37.0	38.0	39.0	40.0
PD_148P_2_bbduk_filt	2.0	3.0	11.0	42.0	127.0	300.0	784.0	1700.0	4158.0	10082.0	22844.0	44569.0	85335.0	159159.0	450310.0	2626576.0	661951.0
	27.0	28.0	29.0	30.0	31.0	32.0	33.0	34.0	35.0	36.0	37.0	38.0	39.0	40.0
PD_149S_1_bbduk_filt	1.0	0.0	2.0	8.0	85.0	752.0	3342.0	10220.0	21916.0	45295.0	89068.0	253443.0	1883518.0	649668.0
	24.0	25.0	26.0	27.0	28.0	29.0	30.0	31.0	32.0	33.0	34.0	35.0	36.0	37.0	38.0	39.0	40.0
PD_149S_2_bbduk_filt	1.0	1.0	9.0	39.0	88.0	242.0	642.0	1277.0	2641.0	5937.0	12750.0	24832.0	48718.0	96982.0	298975.0	1935303.0	528881.0
	27.0	28.0	29.0	30.0	31.0	32.0	33.0	34.0	35.0	36.0	37.0	38.0	39.0	40.0
PD_14P_1_bbduk_filt	1.0	1.0	3.0	14.0	116.0	805.0	3489.0	9341.0	18355.0	34778.0	61419.0	150849.0	1093008.0	490617.0
	26.0	27.0	28.0	29.0	30.0	31.0	32.0	33.0	34.0	35.0	36.0	37.0	38.0	39.0	40.0
PD_14P_2_bbduk_filt	3.0	6.0	32.0	63.0	132.0	330.0	922.0	2235.0	5754.0	12231.0	25827.0	51713.0	157519.0	1206409.0	399620.0
	30.0	31.0	32.0	33.0	34.0	35.0	36.0	37.0	38.0	39.0	40.0
PD_150P_1_bbduk_filt	10.0	133.0	1176.0	4826.0	13165.0	26112.0	49426.0	89250.0	233033.0	1762236.0	678205.0
	25.0	26.0	27.0	28.0	29.0	30.0	31.0	32.0	33.0	34.0	35.0	36.0	37.0	38.0	39.0	40.0
PD_150P_2_bbduk_filt	1.0	6.0	31.0	55.0	139.0	296.0	758.0	1844.0	4640.0	10959.0	22028.0	44231.0	87214.0	260801.0	1861010.0	563559.0
	29.0	30.0	31.0	32.0	33.0	34.0	35.0	36.0	37.0	38.0	39.0	40.0
PD_151S_1_bbduk_filt	1.0	17.0	132.0	1042.0	4365.0	12055.0	23945.0	44661.0	79954.0	205868.0	1583413.0	717592.0
	24.0	25.0	26.0	27.0	28.0	29.0	30.0	31.0	32.0	33.0	34.0	35.0	36.0	37.0	38.0	39.0	40.0
PD_151S_2_bbduk_filt	1.0	3.0	7.0	14.0	56.0	99.0	256.0	558.0	1520.0	3750.0	8835.0	18318.0	37306.0	73994.0	223559.0	1732287.0	572482.0
	29.0	30.0	31.0	32.0	33.0	34.0	35.0	36.0	37.0	38.0	39.0	40.0
PD_152P_1_bbduk_filt	1.0	7.0	111.0	890.0	4115.0	11738.0	24490.0	48502.0	92667.0	258035.0	1826850.0	636373.0
	25.0	26.0	27.0	28.0	29.0	30.0	31.0	32.0	33.0	34.0	35.0	36.0	37.0	38.0	39.0	40.0
PD_152P_2_bbduk_filt	1.0	20.0	28.0	87.0	264.0	538.0	1195.0	2850.0	6502.0	13802.0	27031.0	52590.0	102262.0	305163.0	1886052.0	505394.0
	29.0	30.0	31.0	32.0	33.0	34.0	35.0	36.0	37.0	38.0	39.0	40.0
PD_153S_1_bbduk_filt	2.0	19.0	243.0	1846.0	7958.0	21054.0	41344.0	74600.0	127449.0	313721.0	2098724.0	783734.0
	24.0	25.0	26.0	27.0	28.0	29.0	30.0	31.0	32.0	33.0	34.0	35.0	36.0	37.0	38.0	39.0	40.0
PD_153S_2_bbduk_filt	1.0	5.0	12.0	28.0	69.0	130.0	368.0	812.0	2148.0	5983.0	14733.0	30832.0	61713.0	115811.0	331332.0	2264144.0	642573.0
	26.0	27.0	28.0	29.0	30.0	31.0	32.0	33.0	34.0	35.0	36.0	37.0	38.0	39.0	40.0
PD_156P_1_bbduk_filt	2.0	3.0	7.0	5.0	31.0	145.0	1068.0	4434.0	11912.0	23222.0	43032.0	75387.0	193236.0	1407843.0	564069.0
	24.0	25.0	26.0	27.0	28.0	29.0	30.0	31.0	32.0	33.0	34.0	35.0	36.0	37.0	38.0	39.0	40.0
PD_156P_2_bbduk_filt	1.0	1.0	3.0	7.0	28.0	76.0	186.0	426.0	1121.0	3040.0	7413.0	16011.0	32690.0	65642.0	199103.0	1523182.0	475466.0
	29.0	30.0	31.0	32.0	33.0	34.0	35.0	36.0	37.0	38.0	39.0	40.0
PD_157S_1_bbduk_filt	3.0	13.0	155.0	1211.0	4991.0	13601.0	27090.0	50548.0	90336.0	231262.0	1792226.0	786457.0
	24.0	25.0	26.0	27.0	28.0	29.0	30.0	31.0	32.0	33.0	34.0	35.0	36.0	37.0	38.0	39.0	40.0
PD_157S_2_bbduk_filt	1.0	0.0	4.0	11.0	49.0	72.0	183.0	412.0	1144.0	3210.0	8288.0	17904.0	37367.0	75934.0	234104.0	1945904.0	673306.0
	25.0	26.0	27.0	28.0	29.0	30.0	31.0	32.0	33.0	34.0	35.0	36.0	37.0	38.0	39.0	40.0
PD_158P_1_bbduk_filt	1.0	0.0	0.0	2.0	4.0	15.0	199.0	1562.0	6811.0	19027.0	37288.0	69196.0	124524.0	321611.0	2400120.0	971150.0
	25.0	26.0	27.0	28.0	29.0	30.0	31.0	32.0	33.0	34.0	35.0	36.0	37.0	38.0	39.0	40.0
PD_158P_2_bbduk_filt	3.0	8.0	15.0	72.0	160.0	365.0	774.0	2089.0	5478.0	13192.0	27724.0	57312.0	113880.0	347906.0	2587898.0	794634.0
	29.0	30.0	31.0	32.0	33.0	34.0	35.0	36.0	37.0	38.0	39.0	40.0
PD_159S_1_bbduk_filt	2.0	12.0	207.0	1515.0	6575.0	18587.0	37172.0	68889.0	123558.0	321058.0	2355598.0	935230.0
	25.0	26.0	27.0	28.0	29.0	30.0	31.0	32.0	33.0	34.0	35.0	36.0	37.0	38.0	39.0	40.0
PD_159S_2_bbduk_filt	1.0	7.0	21.0	57.0	139.0	380.0	778.0	2075.0	5249.0	12909.0	26566.0	55039.0	109690.0	336311.0	2540046.0	779135.0
	26.0	27.0	28.0	29.0	30.0	31.0	32.0	33.0	34.0	35.0	36.0	37.0	38.0	39.0	40.0
PD_15P_1_bbduk_filt	1.0	1.0	0.0	1.0	7.0	107.0	879.0	3828.0	10271.0	20333.0	38534.0	69052.0	175977.0	1252131.0	500963.0
	24.0	25.0	26.0	27.0	28.0	29.0	30.0	31.0	32.0	33.0	34.0	35.0	36.0	37.0	38.0	39.0	40.0
PD_15P_2_bbduk_filt	2.0	1.0	4.0	19.0	46.0	98.0	264.0	567.0	1467.0	3478.0	7916.0	16333.0	32586.0	63857.0	187333.0	1338732.0	419382.0
	27.0	28.0	29.0	30.0	31.0	32.0	33.0	34.0	35.0	36.0	37.0	38.0	39.0	40.0
PD_160P_1_bbduk_filt	1.0	1.0	2.0	22.0	245.0	1782.0	7690.0	21181.0	40345.0	72387.0	125092.0	305823.0	2094217.0	812144.0
	24.0	25.0	26.0	27.0	28.0	29.0	30.0	31.0	32.0	33.0	34.0	35.0	36.0	37.0	38.0	39.0	40.0
PD_160P_2_bbduk_filt	1.0	2.0	7.0	25.0	59.0	143.0	324.0	744.0	2073.0	5945.0	14428.0	29943.0	60264.0	114647.0	328680.0	2249763.0	673884.0
	26.0	27.0	28.0	29.0	30.0	31.0	32.0	33.0	34.0	35.0	36.0	37.0	38.0	39.0	40.0
PD_161S_1_bbduk_filt	1.0	2.0	2.0	14.0	26.0	56.0	185.0	487.0	1299.0	2662.0	6569.0	19264.0	33001.0	53053.0	17881.0
	25.0	26.0	27.0	28.0	29.0	30.0	31.0	32.0	33.0	34.0	35.0	36.0	37.0	38.0	39.0	40.0
PD_161S_2_bbduk_filt	1.0	0.0	0.0	1.0	4.0	9.0	24.0	62.0	192.0	489.0	990.0	2575.0	6771.0	20656.0	85363.0	17365.0
	30.0	31.0	32.0	33.0	34.0	35.0	36.0	37.0	38.0	39.0	40.0
PD_162P_1_bbduk_filt	14.0	159.0	1210.0	5387.0	14808.0	30065.0	57777.0	107212.0	287785.0	2066540.0	789577.0
	25.0	26.0	27.0	28.0	29.0	30.0	31.0	32.0	33.0	34.0	35.0	36.0	37.0	38.0	39.0	40.0
PD_162P_2_bbduk_filt	2.0	12.0	27.0	96.0	244.0	586.0	1303.0	3088.0	6943.0	15074.0	29518.0	57445.0	110995.0	327427.0	2173820.0	633954.0
	28.0	29.0	30.0	31.0	32.0	33.0	34.0	35.0	36.0	37.0	38.0	39.0	40.0
PD_163S_1_bbduk_filt	1.0	0.0	16.0	130.0	1068.0	4723.0	13119.0	26908.0	52857.0	99934.0	276906.0	2168356.0	921200.0
	23.0	24.0	25.0	26.0	27.0	28.0	29.0	30.0	31.0	32.0	33.0	34.0	35.0	36.0	37.0	38.0	39.0	40.0
PD_163S_2_bbduk_filt	1.0	0.0	3.0	9.0	33.0	87.0	259.0	570.0	1342.0	2810.0	6494.0	14185.0	27725.0	54850.0	108961.0	333965.0	2329919.0	684005.0
	25.0	26.0	27.0	28.0	29.0	30.0	31.0	32.0	33.0	34.0	35.0	36.0	37.0	38.0	39.0	40.0
PD_164P_1_bbduk_filt	1.0	1.0	2.0	4.0	13.0	18.0	163.0	1173.0	4884.0	13335.0	26082.0	48225.0	86849.0	226745.0	1498702.0	539263.0
	23.0	24.0	25.0	26.0	27.0	28.0	29.0	30.0	31.0	32.0	33.0	34.0	35.0	36.0	37.0	38.0	39.0	40.0
PD_164P_2_bbduk_filt	1.0	0.0	1.0	10.0	18.0	74.0	183.0	467.0	1024.0	2342.0	5817.0	13006.0	25227.0	48674.0	91751.0	261081.0	1580738.0	415046.0
	29.0	30.0	31.0	32.0	33.0	34.0	35.0	36.0	37.0	38.0	39.0	40.0
PD_165S_1_bbduk_filt	3.0	20.0	186.0	1302.0	5664.0	16435.0	33783.0	63944.0	117916.0	315703.0	2362296.0	926075.0
	24.0	25.0	26.0	27.0	28.0	29.0	30.0	31.0	32.0	33.0	34.0	35.0	36.0	37.0	38.0	39.0	40.0
PD_165S_2_bbduk_filt	1.0	4.0	14.0	21.0	70.0	186.0	456.0	967.0	2392.0	5963.0	14608.0	30120.0	59705.0	117152.0	349860.0	2513957.0	747851.0
	26.0	27.0	28.0	29.0	30.0	31.0	32.0	33.0	34.0	35.0	36.0	37.0	38.0	39.0	40.0
PD_166_1_bbduk_filt	1.0	0.0	0.0	2.0	10.0	111.0	890.0	4139.0	11341.0	23778.0	46967.0	89215.0	238728.0	1866183.0	739364.0
	25.0	26.0	27.0	28.0	29.0	30.0	31.0	32.0	33.0	34.0	35.0	36.0	37.0	38.0	39.0	40.0
PD_166_2_bbduk_filt	3.0	8.0	25.0	45.0	117.0	327.0	653.0	1648.0	3807.0	8939.0	18493.0	38450.0	78867.0	250410.0	1985751.0	633186.0
	29.0	30.0	31.0	32.0	33.0	34.0	35.0	36.0	37.0	38.0	39.0	40.0
PD_167P_1_bbduk_filt	2.0	18.0	133.0	1120.0	4989.0	14226.0	29528.0	56985.0	108970.0	303068.0	2313625.0	856554.0
	25.0	26.0	27.0	28.0	29.0	30.0	31.0	32.0	33.0	34.0	35.0	36.0	37.0	38.0	39.0	40.0
PD_167P_2_bbduk_filt	4.0	7.0	27.0	85.0	199.0	470.0	1030.0	2491.0	5901.0	13891.0	27995.0	55758.0	111238.0	348928.0	2451766.0	669428.0
	28.0	29.0	30.0	31.0	32.0	33.0	34.0	35.0	36.0	37.0	38.0	39.0	40.0
PD_169P_1_bbduk_filt	1.0	4.0	18.0	125.0	1212.0	5294.0	15162.0	30892.0	58300.0	105952.0	276181.0	1965598.0	728774.0
	24.0	25.0	26.0	27.0	28.0	29.0	30.0	31.0	32.0	33.0	34.0	35.0	36.0	37.0	38.0	39.0	40.0
PD_169P_2_bbduk_filt	1.0	7.0	10.0	20.0	73.0	163.0	463.0	949.0	2265.0	5700.0	12826.0	25999.0	51776.0	100152.0	301571.0	2099268.0	586270.0
	25.0	26.0	27.0	28.0	29.0	30.0	31.0	32.0	33.0	34.0	35.0	36.0	37.0	38.0	39.0	40.0
PD_16P_1_bbduk_filt	2.0	0.0	1.0	2.0	6.0	24.0	135.0	984.0	4181.0	11472.0	22727.0	43155.0	75520.0	185184.0	1331302.0	567529.0
	24.0	25.0	26.0	27.0	28.0	29.0	30.0	31.0	32.0	33.0	34.0	35.0	36.0	37.0	38.0	39.0	40.0
PD_16P_2_bbduk_filt	2.0	0.0	7.0	14.0	35.0	73.0	175.0	353.0	908.0	2636.0	6533.0	14148.0	29858.0	59935.0	181826.0	1441237.0	504484.0
	26.0	27.0	28.0	29.0	30.0	31.0	32.0	33.0	34.0	35.0	36.0	37.0	38.0	39.0	40.0
PD_170S_1_bbduk_filt	1.0	0.0	0.0	1.0	10.0	140.0	1170.0	5352.0	14287.0	28840.0	53756.0	96356.0	246067.0	1720544.0	701957.0
	25.0	26.0	27.0	28.0	29.0	30.0	31.0	32.0	33.0	34.0	35.0	36.0	37.0	38.0	39.0	40.0
PD_170S_2_bbduk_filt	2.0	12.0	25.0	74.0	208.0	479.0	972.0	2393.0	5836.0	13599.0	27047.0	52682.0	100518.0	290070.0	1855727.0	518837.0
	28.0	29.0	30.0	31.0	32.0	33.0	34.0	35.0	36.0	37.0	38.0	39.0	40.0
PD_171P_1_bbduk_filt	1.0	3.0	12.0	175.0	1278.0	5741.0	15813.0	31848.0	59726.0	109578.0	290607.0	2325113.0	1011723.0
	24.0	25.0	26.0	27.0	28.0	29.0	30.0	31.0	32.0	33.0	34.0	35.0	36.0	37.0	38.0	39.0	40.0
PD_171P_2_bbduk_filt	1.0	4.0	4.0	20.0	50.0	108.0	248.0	558.0	1602.0	4317.0	10783.0	22890.0	48135.0	98016.0	307702.0	2542975.0	814205.0
	25.0	26.0	27.0	28.0	29.0	30.0	31.0	32.0	33.0	34.0	35.0	36.0	37.0	38.0	39.0	40.0
PD_172S_1_bbduk_filt	1.0	0.0	5.0	7.0	24.0	38.0	146.0	885.0	3672.0	10133.0	20621.0	39543.0	70920.0	184339.0	1375735.0	536994.0
	25.0	26.0	27.0	28.0	29.0	30.0	31.0	32.0	33.0	34.0	35.0	36.0	37.0	38.0	39.0	40.0
PD_172S_2_bbduk_filt	2.0	8.0	10.0	32.0	77.0	191.0	386.0	1097.0	2811.0	6798.0	14543.0	30222.0	61093.0	191410.0	1484576.0	449807.0
	29.0	30.0	31.0	32.0	33.0	34.0	35.0	36.0	37.0	38.0	39.0	40.0
PD_173P_1_bbduk_filt	1.0	12.0	182.0	1455.0	6265.0	17300.0	34724.0	64699.0	115135.0	290267.0	2042378.0	804461.0
	24.0	25.0	26.0	27.0	28.0	29.0	30.0	31.0	32.0	33.0	34.0	35.0	36.0	37.0	38.0	39.0	40.0
PD_173P_2_bbduk_filt	1.0	3.0	8.0	17.0	72.0	171.0	358.0	881.0	2081.0	5347.0	12948.0	27064.0	54287.0	106735.0	316769.0	2185527.0	664610.0
	30.0	31.0	32.0	33.0	34.0	35.0	36.0	37.0	38.0	39.0	40.0
PD_174S_1_bbduk_filt	13.0	165.0	1172.0	5213.0	14915.0	30756.0	59550.0	114369.0	314787.0	2277945.0	847248.0
	24.0	25.0	26.0	27.0	28.0	29.0	30.0	31.0	32.0	33.0	34.0	35.0	36.0	37.0	38.0	39.0	40.0
PD_174S_2_bbduk_filt	2.0	5.0	12.0	39.0	126.0	381.0	888.0	1908.0	4177.0	9181.0	19402.0	36421.0	69596.0	132392.0	384853.0	2372517.0	634233.0
	27.0	28.0	29.0	30.0	31.0	32.0	33.0	34.0	35.0	36.0	37.0	38.0	39.0	40.0
PD_175P_1_bbduk_filt	1.0	4.0	7.0	32.0	159.0	1244.0	5190.0	13699.0	27177.0	49552.0	85901.0	209894.0	1388893.0	535775.0
	25.0	26.0	27.0	28.0	29.0	30.0	31.0	32.0	33.0	34.0	35.0	36.0	37.0	38.0	39.0	40.0
PD_175P_2_bbduk_filt	3.0	5.0	13.0	66.0	186.0	445.0	950.0	2322.0	5520.0	12342.0	23978.0	46768.0	87396.0	241010.0	1474916.0	421608.0
	29.0	30.0	31.0	32.0	33.0	34.0	35.0	36.0	37.0	38.0	39.0	40.0
PD_176S_1_bbduk_filt	2.0	17.0	112.0	1021.0	4850.0	13195.0	27867.0	55076.0	104958.0	290431.0	2292034.0	930072.0
	23.0	24.0	25.0	26.0	27.0	28.0	29.0	30.0	31.0	32.0	33.0	34.0	35.0	36.0	37.0	38.0	39.0	40.0
PD_176S_2_bbduk_filt	1.0	0.0	4.0	7.0	26.0	83.0	197.0	449.0	1003.0	2276.0	5479.0	12065.0	24927.0	50510.0	102266.0	324974.0	2451034.0	744334.0
	27.0	28.0	29.0	30.0	31.0	32.0	33.0	34.0	35.0	36.0	37.0	38.0	39.0	40.0
PD_177P_1_bbduk_filt	1.0	0.0	2.0	16.0	91.0	696.0	3482.0	9942.0	20641.0	40972.0	77592.0	212339.0	1683014.0	663890.0
	24.0	25.0	26.0	27.0	28.0	29.0	30.0	31.0	32.0	33.0	34.0	35.0	36.0	37.0	38.0	39.0	40.0
PD_177P_2_bbduk_filt	1.0	0.0	8.0	27.0	38.0	83.0	224.0	527.0	1214.0	3113.0	7668.0	16421.0	33989.0	70834.0	229902.0	1809150.0	539479.0
	29.0	30.0	31.0	32.0	33.0	34.0	35.0	36.0	37.0	38.0	39.0	40.0
PD_178S_1_bbduk_filt	5.0	28.0	232.0	1829.0	7846.0	21972.0	42865.0	79586.0	140290.0	354275.0	2471432.0	948139.0
	24.0	25.0	26.0	27.0	28.0	29.0	30.0	31.0	32.0	33.0	34.0	35.0	36.0	37.0	38.0	39.0	40.0
PD_178S_2_bbduk_filt	1.0	4.0	8.0	24.0	73.0	200.0	502.0	1127.0	2915.0	7902.0	18905.0	38126.0	74886.0	141620.0	403272.0	2655868.0	723066.0
	29.0	30.0	31.0	32.0	33.0	34.0	35.0	36.0	37.0	38.0	39.0	40.0
PD_179P_1_bbduk_filt	2.0	14.0	185.0	1491.0	6314.0	17841.0	35441.0	67398.0	123723.0	325443.0	2419207.0	934950.0
	25.0	26.0	27.0	28.0	29.0	30.0	31.0	32.0	33.0	34.0	35.0	36.0	37.0	38.0	39.0	40.0
PD_179P_2_bbduk_filt	3.0	6.0	26.0	83.0	200.0	466.0	920.0	2560.0	6549.0	15241.0	31055.0	62443.0	122991.0	368906.0	2576232.0	744328.0
	27.0	28.0	29.0	30.0	31.0	32.0	33.0	34.0	35.0	36.0	37.0	38.0	39.0	40.0
PD_180S_1_bbduk_filt	1.0	0.0	2.0	17.0	176.0	1281.0	5616.0	15548.0	31026.0	58580.0	108390.0	285779.0	2036321.0	789434.0
	25.0	26.0	27.0	28.0	29.0	30.0	31.0	32.0	33.0	34.0	35.0	36.0	37.0	38.0	39.0	40.0
PD_180S_2_bbduk_filt	4.0	9.0	25.0	95.0	289.0	643.0	1432.0	3241.0	7497.0	15872.0	31076.0	59644.0	115065.0	335027.0	2144643.0	617609.0
	28.0	29.0	30.0	31.0	32.0	33.0	34.0	35.0	36.0	37.0	38.0	39.0	40.0
PD_181P_1_bbduk_filt	1.0	1.0	10.0	128.0	1173.0	5176.0	14525.0	29460.0	55877.0	102665.0	265742.0	1954245.0	825344.0
	25.0	26.0	27.0	28.0	29.0	30.0	31.0	32.0	33.0	34.0	35.0	36.0	37.0	38.0	39.0	40.0
PD_181P_2_bbduk_filt	3.0	11.0	21.0	63.0	143.0	348.0	724.0	1728.0	4812.0	11542.0	23763.0	48590.0	96901.0	293267.0	2117685.0	654746.0
	24.0	25.0	26.0	27.0	28.0	29.0	30.0	31.0	32.0	33.0	34.0	35.0	36.0	37.0	38.0	39.0	40.0
PD_182S_1_bbduk_filt	1.0	1.0	1.0	4.0	11.0	18.0	42.0	74.0	263.0	544.0	1302.0	2401.0	7285.0	16844.0	15603.0	54806.0	16934.0
	23.0	24.0	25.0	26.0	27.0	28.0	29.0	30.0	31.0	32.0	33.0	34.0	35.0	36.0	37.0	38.0	39.0	40.0
PD_182S_2_bbduk_filt	1.0	0.0	0.0	0.0	1.0	2.0	5.0	8.0	9.0	45.0	95.0	328.0	678.0	1718.0	5250.0	18020.0	77069.0	12905.0
	28.0	29.0	30.0	31.0	32.0	33.0	34.0	35.0	36.0	37.0	38.0	39.0	40.0
PD_183P_1_bbduk_filt	2.0	3.0	31.0	298.0	2390.0	10218.0	27876.0	54990.0	101016.0	178164.0	447097.0	3067123.0	1177596.0
	23.0	24.0	25.0	26.0	27.0	28.0	29.0	30.0	31.0	32.0	33.0	34.0	35.0	36.0	37.0	38.0	39.0	40.0
PD_183P_2_bbduk_filt	1.0	0.0	6.0	10.0	23.0	88.0	238.0	606.0	1259.0	3370.0	8982.0	21330.0	44065.0	88563.0	170574.0	494423.0	3270181.0	963085.0
	28.0	29.0	30.0	31.0	32.0	33.0	34.0	35.0	36.0	37.0	38.0	39.0	40.0
PD_184S_1_bbduk_filt	1.0	6.0	27.0	318.0	2550.0	10498.0	28328.0	55453.0	101650.0	178797.0	452304.0	3281217.0	1324149.0
	24.0	25.0	26.0	27.0	28.0	29.0	30.0	31.0	32.0	33.0	34.0	35.0	36.0	37.0	38.0	39.0	40.0
PD_184S_2_bbduk_filt	2.0	6.0	8.0	25.0	94.0	214.0	501.0	1129.0	2948.0	8009.0	19676.0	41079.0	84597.0	167775.0	496183.0	3517649.0	1095403.0
	29.0	30.0	31.0	32.0	33.0	34.0	35.0	36.0	37.0	38.0	39.0	40.0
PD_188S_1_bbduk_filt	3.0	16.0	92.0	756.0	3265.0	9485.0	19093.0	37464.0	71103.0	194169.0	1527729.0	624323.0
	24.0	25.0	26.0	27.0	28.0	29.0	30.0	31.0	32.0	33.0	34.0	35.0	36.0	37.0	38.0	39.0	40.0
PD_188S_2_bbduk_filt	1.0	1.0	8.0	15.0	51.0	111.0	264.0	545.0	1389.0	3369.0	8183.0	16336.0	33437.0	67892.0	209951.0	1619638.0	526307.0
	29.0	30.0	31.0	32.0	33.0	34.0	35.0	36.0	37.0	38.0	39.0	40.0
PD_189P_1_bbduk_filt	5.0	15.0	152.0	1256.0	5099.0	13946.0	28381.0	52962.0	94506.0	246834.0	1794407.0	725659.0
	25.0	26.0	27.0	28.0	29.0	30.0	31.0	32.0	33.0	34.0	35.0	36.0	37.0	38.0	39.0	40.0
PD_189P_2_bbduk_filt	2.0	11.0	12.0	43.0	110.0	255.0	595.0	1655.0	4406.0	11033.0	22591.0	45870.0	90478.0	274943.0	1961963.0	549255.0
	28.0	29.0	30.0	31.0	32.0	33.0	34.0	35.0	36.0	37.0	38.0	39.0	40.0
PD_190S_1_bbduk_filt	1.0	1.0	12.0	133.0	1199.0	5186.0	14474.0	29399.0	56149.0	103526.0	277516.0	2057885.0	840025.0
	24.0	25.0	26.0	27.0	28.0	29.0	30.0	31.0	32.0	33.0	34.0	35.0	36.0	37.0	38.0	39.0	40.0
PD_190S_2_bbduk_filt	1.0	2.0	8.0	17.0	65.0	175.0	433.0	1000.0	2465.0	6117.0	14072.0	28513.0	56230.0	108808.0	326625.0	2210600.0	630375.0
	27.0	28.0	29.0	30.0	31.0	32.0	33.0	34.0	35.0	36.0	37.0	38.0	39.0	40.0
PD_191P_1_bbduk_filt	2.0	3.0	9.0	10.0	35.0	104.0	292.0	668.0	1481.0	4657.0	18101.0	21790.0	31159.0	9996.0
	29.0	30.0	31.0	32.0	33.0	34.0	35.0	36.0	37.0	38.0	39.0	40.0
PD_191P_2_bbduk_filt	3.0	6.0	10.0	32.0	68.0	209.0	419.0	1225.0	3970.0	13098.0	59027.0	10240.0
	26.0	27.0	28.0	29.0	30.0	31.0	32.0	33.0	34.0	35.0	36.0	37.0	38.0	39.0	40.0
PD_192S_1_bbduk_filt	1.0	1.0	3.0	7.0	16.0	45.0	109.0	245.0	581.0	1273.0	6539.0	35640.0	29502.0	22887.0	4954.0
	29.0	30.0	31.0	32.0	33.0	34.0	35.0	36.0	37.0	38.0	39.0	40.0
PD_192S_2_bbduk_filt	1.0	0.0	0.0	4.0	4.0	22.0	202.0	1052.0	4234.0	11789.0	66156.0	18339.0
	28.0	29.0	30.0	31.0	32.0	33.0	34.0	35.0	36.0	37.0	38.0	39.0	40.0
PD_193P_1_bbduk_filt	2.0	1.0	23.0	183.0	1303.0	5627.0	15428.0	30838.0	57273.0	103469.0	272572.0	2009984.0	812374.0
	26.0	27.0	28.0	29.0	30.0	31.0	32.0	33.0	34.0	35.0	36.0	37.0	38.0	39.0	40.0
PD_193P_2_bbduk_filt	10.0	24.0	55.0	144.0	347.0	813.0	2089.0	5418.0	13019.0	26212.0	52361.0	103303.0	308673.0	2173610.0	622999.0
	29.0	30.0	31.0	32.0	33.0	34.0	35.0	36.0	37.0	38.0	39.0	40.0
PD_194S_1_bbduk_filt	2.0	5.0	88.0	601.0	2687.0	7869.0	16641.0	33156.0	64861.0	181826.0	1478261.0	608752.0
	25.0	26.0	27.0	28.0	29.0	30.0	31.0	32.0	33.0	34.0	35.0	36.0	37.0	38.0	39.0	40.0
PD_194S_2_bbduk_filt	2.0	5.0	13.0	53.0	123.0	235.0	534.0	1265.0	3069.0	7207.0	14797.0	30180.0	61097.0	199203.0	1597963.0	479003.0
	29.0	30.0	31.0	32.0	33.0	34.0	35.0	36.0	37.0	38.0	39.0	40.0
PD_195_1_bbduk_filt	4.0	15.0	189.0	1371.0	6452.0	17511.0	35544.0	67836.0	122456.0	319217.0	2296958.0	857085.0
	25.0	26.0	27.0	28.0	29.0	30.0	31.0	32.0	33.0	34.0	35.0	36.0	37.0	38.0	39.0	40.0
PD_195_2_bbduk_filt	4.0	10.0	20.0	61.0	148.0	346.0	664.0	1609.0	4282.0	11082.0	24076.0	51015.0	103158.0	319802.0	2438998.0	769363.0
	26.0	27.0	28.0	29.0	30.0	31.0	32.0	33.0	34.0	35.0	36.0	37.0	38.0	39.0	40.0
PD_196_1_bbduk_filt	1.0	0.0	4.0	5.0	25.0	258.0	1940.0	7971.0	22159.0	43997.0	81927.0	149151.0	387220.0	2758910.0	1068922.0
	24.0	25.0	26.0	27.0	28.0	29.0	30.0	31.0	32.0	33.0	34.0	35.0	36.0	37.0	38.0	39.0	40.0
PD_196_2_bbduk_filt	2.0	4.0	13.0	26.0	94.0	242.0	626.0	1305.0	3481.0	8508.0	19998.0	39758.0	79292.0	152560.0	445285.0	2951021.0	820275.0
	28.0	29.0	30.0	31.0	32.0	33.0	34.0	35.0	36.0	37.0	38.0	39.0	40.0
PD_197_1_bbduk_filt	1.0	2.0	26.0	210.0	1660.0	7006.0	19294.0	38928.0	73154.0	134144.0	349837.0	2352489.0	862195.0
	25.0	26.0	27.0	28.0	29.0	30.0	31.0	32.0	33.0	34.0	35.0	36.0	37.0	38.0	39.0	40.0
PD_197_2_bbduk_filt	3.0	17.0	33.0	119.0	295.0	714.0	1538.0	3749.0	8818.0	19183.0	37859.0	73769.0	140345.0	403054.0	2464168.0	685282.0
	29.0	30.0	31.0	32.0	33.0	34.0	35.0	36.0	37.0	38.0	39.0	40.0
PD_198_1_bbduk_filt	4.0	16.0	184.0	1416.0	6055.0	16135.0	31606.0	57661.0	102000.0	259501.0	1856250.0	727425.0
	24.0	25.0	26.0	27.0	28.0	29.0	30.0	31.0	32.0	33.0	34.0	35.0	36.0	37.0	38.0	39.0	40.0
PD_198_2_bbduk_filt	2.0	1.0	9.0	15.0	53.0	133.0	311.0	744.0	1952.0	5283.0	12952.0	26477.0	52356.0	101986.0	296700.0	1992524.0	566755.0
	39.0
PD_199P_1_bbduk_filt	1.0
	9.0
PD_199P_2_bbduk_filt	1.0
	28.0	29.0	30.0	31.0	32.0	33.0	34.0	35.0	36.0	37.0	38.0	39.0	40.0
PD_1P_1_bbduk_filt	2.0	0.0	12.0	102.0	833.0	3730.0	10627.0	21469.0	41044.0	74310.0	189932.0	1365837.0	556110.0
	24.0	25.0	26.0	27.0	28.0	29.0	30.0	31.0	32.0	33.0	34.0	35.0	36.0	37.0	38.0	39.0	40.0
PD_1P_2_bbduk_filt	1.0	1.0	5.0	13.0	55.0	119.0	266.0	572.0	1361.0	3531.0	8329.0	16900.0	33896.0	67466.0	201867.0	1472920.0	456706.0
	29.0	30.0	31.0	32.0	33.0	34.0	35.0	36.0	37.0	38.0	39.0	40.0
PD_200S_1_bbduk_filt	3.0	20.0	147.0	1423.0	6051.0	16875.0	33288.0	62396.0	112601.0	291274.0	2125478.0	890791.0
	26.0	27.0	28.0	29.0	30.0	31.0	32.0	33.0	34.0	35.0	36.0	37.0	38.0	39.0	40.0
PD_200S_2_bbduk_filt	15.0	23.0	55.0	188.0	448.0	1030.0	2506.0	6493.0	14927.0	30468.0	60164.0	115956.0	343492.0	2309055.0	655527.0
	28.0	29.0	30.0	31.0	32.0	33.0	34.0	35.0	36.0	37.0	38.0	39.0	40.0
PD_203_1_bbduk_filt	1.0	3.0	17.0	118.0	954.0	4577.0	12749.0	26085.0	50311.0	94204.0	256167.0	1875004.0	650007.0
	25.0	26.0	27.0	28.0	29.0	30.0	31.0	32.0	33.0	34.0	35.0	36.0	37.0	38.0	39.0	40.0
PD_203_2_bbduk_filt	2.0	5.0	13.0	40.0	92.0	250.0	539.0	1308.0	3468.0	8930.0	18586.0	39343.0	81839.0	260396.0	1972973.0	582413.0
	29.0	30.0	31.0	32.0	33.0	34.0	35.0	36.0	37.0	38.0	39.0	40.0
PD_204_1_bbduk_filt	3.0	11.0	100.0	930.0	4040.0	11236.0	23216.0	44776.0	82925.0	222995.0	1605972.0	555606.0
	25.0	26.0	27.0	28.0	29.0	30.0	31.0	32.0	33.0	34.0	35.0	36.0	37.0	38.0	39.0	40.0
PD_204_2_bbduk_filt	5.0	3.0	23.0	59.0	135.0	326.0	687.0	1840.0	4333.0	10146.0	20430.0	40921.0	81120.0	246959.0	1688771.0	456052.0
	29.0	30.0	31.0	32.0	33.0	34.0	35.0	36.0	37.0	38.0	39.0	40.0
PD_205P_1_bbduk_filt	1.0	7.0	79.0	584.0	2643.0	7739.0	16542.0	33669.0	66456.0	192684.0	1608270.0	651457.0
	26.0	27.0	28.0	29.0	30.0	31.0	32.0	33.0	34.0	35.0	36.0	37.0	38.0	39.0	40.0
PD_205P_2_bbduk_filt	3.0	12.0	55.0	105.0	257.0	536.0	1357.0	3079.0	6965.0	14772.0	30206.0	63887.0	210048.0	1716733.0	532116.0
	29.0	30.0	31.0	32.0	33.0	34.0	35.0	36.0	37.0	38.0	39.0	40.0
PD_206S_1_bbduk_filt	3.0	12.0	195.0	1804.0	7455.0	20602.0	40706.0	76685.0	137867.0	361160.0	2507789.0	942402.0
	23.0	24.0	25.0	26.0	27.0	28.0	29.0	30.0	31.0	32.0	33.0	34.0	35.0	36.0	37.0	38.0	39.0	40.0
PD_206S_2_bbduk_filt	1.0	2.0	2.0	8.0	36.0	115.0	290.0	668.0	1482.0	3479.0	8356.0	19136.0	38127.0	74744.0	144179.0	417110.0	2639858.0	749087.0
	30.0	31.0	32.0	33.0	34.0	35.0	36.0	37.0	38.0	39.0	40.0
PD_207P_1_bbduk_filt	20.0	202.0	1594.0	6879.0	18760.0	36881.0	68116.0	118346.0	295011.0	2056254.0	843039.0
	23.0	24.0	25.0	26.0	27.0	28.0	29.0	30.0	31.0	32.0	33.0	34.0	35.0	36.0	37.0	38.0	39.0	40.0
PD_207P_2_bbduk_filt	1.0	0.0	3.0	8.0	28.0	47.0	163.0	328.0	769.0	2189.0	5884.0	14864.0	31001.0	61317.0	116486.0	337035.0	2260861.0	614118.0
	27.0	28.0	29.0	30.0	31.0	32.0	33.0	34.0	35.0	36.0	37.0	38.0	39.0	40.0
PD_208S_1_bbduk_filt	1.0	0.0	2.0	14.0	120.0	830.0	3958.0	10968.0	22512.0	43573.0	82849.0	229388.0	1783594.0	694979.0
	24.0	25.0	26.0	27.0	28.0	29.0	30.0	31.0	32.0	33.0	34.0	35.0	36.0	37.0	38.0	39.0	40.0
PD_208S_2_bbduk_filt	1.0	0.0	6.0	26.0	57.0	116.0	304.0	658.0	1508.0	4025.0	9700.0	19866.0	40696.0	81877.0	256966.0	1895925.0	561057.0
	27.0	28.0	29.0	30.0	31.0	32.0	33.0	34.0	35.0	36.0	37.0	38.0	39.0	40.0
PD_209P_1_bbduk_filt	2.0	0.0	2.0	15.0	158.0	1364.0	5986.0	16727.0	33731.0	62466.0	114800.0	298694.0	2266217.0	941095.0
	24.0	25.0	26.0	27.0	28.0	29.0	30.0	31.0	32.0	33.0	34.0	35.0	36.0	37.0	38.0	39.0	40.0
PD_209P_2_bbduk_filt	1.0	0.0	9.0	10.0	61.0	169.0	396.0	848.0	2068.0	5317.0	12756.0	26022.0	53749.0	106467.0	322469.0	2437191.0	773724.0
	24.0	25.0	26.0	27.0	28.0	29.0	30.0	31.0	32.0	33.0	34.0	35.0	36.0	37.0	38.0	39.0	40.0
PD_210S_1_bbduk_filt	1.0	0.0	0.0	1.0	0.0	2.0	13.0	157.0	1212.0	5158.0	14278.0	28429.0	55041.0	100806.0	268065.0	1998122.0	819329.0
	24.0	25.0	26.0	27.0	28.0	29.0	30.0	31.0	32.0	33.0	34.0	35.0	36.0	37.0	38.0	39.0	40.0
PD_210S_2_bbduk_filt	2.0	2.0	6.0	23.0	84.0	252.0	561.0	1293.0	2850.0	6979.0	15427.0	30133.0	58815.0	112641.0	328851.0	2139653.0	593042.0
	26.0	27.0	28.0	29.0	30.0	31.0	32.0	33.0	34.0	35.0	36.0	37.0	38.0	39.0	40.0
PD_211P_1_bbduk_filt	2.0	1.0	1.0	11.0	28.0	60.0	132.0	414.0	936.0	2138.0	5654.0	11511.0	16144.0	42740.0	12483.0
	25.0	26.0	27.0	28.0	29.0	30.0	31.0	32.0	33.0	34.0	35.0	36.0	37.0	38.0	39.0	40.0
PD_211P_2_bbduk_filt	1.0	0.0	0.0	0.0	0.0	8.0	10.0	25.0	99.0	272.0	561.0	1602.0	4070.0	12671.0	58637.0	14299.0
	25.0	26.0	27.0	28.0	29.0	30.0	31.0	32.0	33.0	34.0	35.0	36.0	37.0	38.0	39.0	40.0
PD_212S_1_bbduk_filt	2.0	3.0	3.0	8.0	12.0	27.0	59.0	162.0	494.0	980.0	1438.0	3034.0	5334.0	13274.0	30514.0	3889.0
	29.0	30.0	31.0	32.0	33.0	34.0	35.0	36.0	37.0	38.0	39.0	40.0
PD_212S_2_bbduk_filt	2.0	2.0	4.0	13.0	33.0	78.0	249.0	746.0	2349.0	7574.0	39213.0	8970.0
	29.0	30.0	31.0	32.0	33.0	34.0	35.0	36.0	37.0	38.0	39.0	40.0
PD_213S_1_bbduk_filt	5.0	19.0	240.0	1924.0	8155.0	21757.0	42812.0	79138.0	138768.0	353740.0	2478465.0	969042.0
	25.0	26.0	27.0	28.0	29.0	30.0	31.0	32.0	33.0	34.0	35.0	36.0	37.0	38.0	39.0	40.0
PD_213S_2_bbduk_filt	3.0	5.0	26.0	68.0	201.0	417.0	995.0	2694.0	6955.0	16970.0	34489.0	69433.0	133891.0	387468.0	2651623.0	788827.0
	29.0	30.0	31.0	32.0	33.0	34.0	35.0	36.0	37.0	38.0	39.0	40.0
PD_214S_1_bbduk_filt	3.0	17.0	155.0	1197.0	5052.0	14378.0	29682.0	57074.0	105954.0	286188.0	2146370.0	824790.0
	26.0	27.0	28.0	29.0	30.0	31.0	32.0	33.0	34.0	35.0	36.0	37.0	38.0	39.0	40.0
PD_214S_2_bbduk_filt	10.0	25.0	68.0	150.0	466.0	995.0	2409.0	5697.0	12728.0	25585.0	51368.0	103446.0	319930.0	2276490.0	671493.0
	28.0	29.0	30.0	31.0	32.0	33.0	34.0	35.0	36.0	37.0	38.0	39.0	40.0
PD_215S_1_bbduk_filt	2.0	1.0	20.0	213.0	1652.0	7622.0	21609.0	43350.0	82859.0	151751.0	407867.0	2969164.0	1120279.0
	23.0	24.0	25.0	26.0	27.0	28.0	29.0	30.0	31.0	32.0	33.0	34.0	35.0	36.0	37.0	38.0	39.0	40.0
PD_215S_2_bbduk_filt	1.0	3.0	1.0	9.0	34.0	95.0	305.0	669.0	1609.0	3801.0	8962.0	20185.0	39934.0	79687.0	154481.0	469485.0	3140987.0	886141.0
	25.0	26.0	27.0	28.0	29.0	30.0	31.0	32.0	33.0	34.0	35.0	36.0	37.0	38.0	39.0	40.0
PD_216S_1_bbduk_filt	1.0	4.0	14.0	19.0	40.0	89.0	195.0	382.0	787.0	1452.0	2674.0	9275.0	18357.0	17548.0	44422.0	11301.0
	27.0	28.0	29.0	30.0	31.0	32.0	33.0	34.0	35.0	36.0	37.0	38.0	39.0	40.0
PD_216S_2_bbduk_filt	1.0	2.0	2.0	6.0	4.0	20.0	53.0	162.0	444.0	1523.0	4673.0	15241.0	71001.0	13428.0
	26.0	27.0	28.0	29.0	30.0	31.0	32.0	33.0	34.0	35.0	36.0	37.0	38.0	39.0	40.0
PD_217P_1_bbduk_filt	1.0	2.0	4.0	9.0	13.0	45.0	118.0	384.0	1030.0	1926.0	4372.0	10322.0	26125.0	45343.0	14019.0
	26.0	27.0	28.0	29.0	30.0	31.0	32.0	33.0	34.0	35.0	36.0	37.0	38.0	39.0	40.0
PD_217P_2_bbduk_filt	1.0	1.0	1.0	2.0	8.0	13.0	43.0	110.0	350.0	755.0	1968.0	5023.0	15258.0	66999.0	13181.0
	33.0	34.0	35.0	36.0	37.0	38.0	39.0	40.0
PD_218S_1_bbduk_filt	2.0	5.0	8.0	12.0	33.0	74.0	491.0	173.0
	34.0	35.0	36.0	37.0	38.0	39.0	40.0
PD_218S_2_bbduk_filt	2.0	9.0	7.0	20.0	78.0	525.0	157.0
	28.0	29.0	30.0	31.0	32.0	33.0	34.0	35.0	36.0	37.0	38.0	39.0	40.0
PD_221P_1_bbduk_filt	1.0	2.0	19.0	131.0	1111.0	4953.0	14091.0	29008.0	56762.0	105743.0	283224.0	2160669.0	876545.0
	25.0	26.0	27.0	28.0	29.0	30.0	31.0	32.0	33.0	34.0	35.0	36.0	37.0	38.0	39.0	40.0
PD_221P_2_bbduk_filt	3.0	15.0	21.0	70.0	163.0	413.0	885.0	2152.0	5226.0	12245.0	24867.0	51067.0	101243.0	313493.0	2322663.0	697733.0
	30.0	31.0	32.0	33.0	34.0	35.0	36.0	37.0	38.0	39.0	40.0
PD_222S_1_bbduk_filt	8.0	109.0	980.0	4099.0	11604.0	24306.0	48676.0	92534.0	254204.0	1916619.0	753871.0
	25.0	26.0	27.0	28.0	29.0	30.0	31.0	32.0	33.0	34.0	35.0	36.0	37.0	38.0	39.0	40.0
PD_222S_2_bbduk_filt	2.0	9.0	18.0	84.0	245.0	515.0	1145.0	2567.0	5760.0	12424.0	24596.0	47772.0	94974.0	294533.0	2039471.0	582895.0
	28.0	29.0	30.0	31.0	32.0	33.0	34.0	35.0	36.0	37.0	38.0	39.0	40.0
PD_223P_1_bbduk_filt	1.0	3.0	26.0	205.0	1544.0	6966.0	20025.0	40827.0	79146.0	147979.0	394601.0	2922840.0	1119249.0
	24.0	25.0	26.0	27.0	28.0	29.0	30.0	31.0	32.0	33.0	34.0	35.0	36.0	37.0	38.0	39.0	40.0
PD_223P_2_bbduk_filt	1.0	4.0	17.0	39.0	130.0	306.0	709.0	1509.0	3545.0	8281.0	18179.0	36655.0	72807.0	144421.0	439241.0	3079848.0	927720.0
	25.0	26.0	27.0	28.0	29.0	30.0	31.0	32.0	33.0	34.0	35.0	36.0	37.0	38.0	39.0	40.0
PD_224S_1_bbduk_filt	1.0	1.0	1.0	1.0	3.0	34.0	263.0	2072.0	9269.0	25712.0	51124.0	96272.0	174972.0	469678.0	3269121.0	1156985.0
	24.0	25.0	26.0	27.0	28.0	29.0	30.0	31.0	32.0	33.0	34.0	35.0	36.0	37.0	38.0	39.0	40.0
PD_224S_2_bbduk_filt	1.0	3.0	11.0	32.0	99.0	273.0	696.0	1494.0	3789.0	9565.0	22192.0	44340.0	89113.0	175317.0	527639.0	3465013.0	915932.0
	29.0	30.0	31.0	32.0	33.0	34.0	35.0	36.0	37.0	38.0	39.0	40.0
PD_225P_1_bbduk_filt	4.0	21.0	184.0	1643.0	7077.0	19664.0	39339.0	74127.0	132387.0	343142.0	2581540.0	1048137.0
	24.0	25.0	26.0	27.0	28.0	29.0	30.0	31.0	32.0	33.0	34.0	35.0	36.0	37.0	38.0	39.0	40.0
PD_225P_2_bbduk_filt	1.0	3.0	8.0	17.0	62.0	162.0	377.0	784.0	2209.0	5686.0	14014.0	29488.0	60431.0	120692.0	366508.0	2774142.0	872681.0
	28.0	29.0	30.0	31.0	32.0	33.0	34.0	35.0	36.0	37.0	38.0	39.0	40.0
PD_226S_1_bbduk_filt	1.0	0.0	19.0	192.0	1435.0	6033.0	16493.0	32648.0	60731.0	109121.0	282734.0	1984099.0	785090.0
	24.0	25.0	26.0	27.0	28.0	29.0	30.0	31.0	32.0	33.0	34.0	35.0	36.0	37.0	38.0	39.0	40.0
PD_226S_2_bbduk_filt	1.0	2.0	11.0	36.0	90.0	198.0	572.0	1217.0	2970.0	7375.0	16769.0	33101.0	64084.0	121471.0	344378.0	2108149.0	578172.0
	27.0	28.0	29.0	30.0	31.0	32.0	33.0	34.0	35.0	36.0	37.0	38.0	39.0	40.0
PD_227P_1_bbduk_filt	1.0	1.0	1.0	15.0	128.0	931.0	4051.0	10955.0	21852.0	41314.0	74934.0	191847.0	1437320.0	581989.0
	24.0	25.0	26.0	27.0	28.0	29.0	30.0	31.0	32.0	33.0	34.0	35.0	36.0	37.0	38.0	39.0	40.0
PD_227P_2_bbduk_filt	1.0	3.0	2.0	14.0	28.0	68.0	188.0	423.0	1070.0	2984.0	7668.0	16265.0	33508.0	66453.0	202809.0	1549635.0	484220.0
	28.0	29.0	30.0	31.0	32.0	33.0	34.0	35.0	36.0	37.0	38.0	39.0	40.0
PD_228S_1_bbduk_filt	1.0	1.0	21.0	147.0	1349.0	5884.0	16103.0	33038.0	63761.0	117003.0	314941.0	2322262.0	896967.0
	24.0	25.0	26.0	27.0	28.0	29.0	30.0	31.0	32.0	33.0	34.0	35.0	36.0	37.0	38.0	39.0	40.0
PD_228S_2_bbduk_filt	1.0	4.0	7.0	30.0	81.0	213.0	439.0	1039.0	2670.0	6566.0	15444.0	30699.0	61080.0	119744.0	360076.0	2484761.0	688624.0
	29.0	30.0	31.0	32.0	33.0	34.0	35.0	36.0	37.0	38.0	39.0	40.0
PD_229P_1_bbduk_filt	1.0	22.0	158.0	1327.0	5754.0	16189.0	32282.0	61267.0	111405.0	292149.0	2147844.0	840401.0
	25.0	26.0	27.0	28.0	29.0	30.0	31.0	32.0	33.0	34.0	35.0	36.0	37.0	38.0	39.0	40.0
PD_229P_2_bbduk_filt	3.0	15.0	14.0	61.0	149.0	316.0	740.0	1910.0	4964.0	12384.0	25631.0	52773.0	104912.0	324000.0	2313762.0	667165.0
	29.0	30.0	31.0	32.0	33.0	34.0	35.0	36.0	37.0	38.0	39.0	40.0
PD_230S_1_bbduk_filt	4.0	13.0	202.0	1379.0	6258.0	16935.0	34184.0	65267.0	117212.0	307526.0	2256837.0	904867.0
	24.0	25.0	26.0	27.0	28.0	29.0	30.0	31.0	32.0	33.0	34.0	35.0	36.0	37.0	38.0	39.0	40.0
PD_230S_2_bbduk_filt	3.0	3.0	3.0	14.0	75.0	164.0	423.0	936.0	2328.0	5745.0	13310.0	27549.0	55785.0	111823.0	343528.0	2421208.0	727787.0
	29.0	30.0	31.0	32.0	33.0	34.0	35.0	36.0	37.0	38.0	39.0	40.0
PD_231P_1_bbduk_filt	2.0	24.0	159.0	1424.0	6050.0	17130.0	35033.0	67269.0	123420.0	327800.0	2428621.0	938295.0
	25.0	26.0	27.0	28.0	29.0	30.0	31.0	32.0	33.0	34.0	35.0	36.0	37.0	38.0	39.0	40.0
PD_231P_2_bbduk_filt	2.0	9.0	30.0	80.0	173.0	439.0	991.0	2370.0	6176.0	14336.0	29298.0	59583.0	118451.0	360377.0	2588495.0	764417.0
	26.0	27.0	28.0	29.0	30.0	31.0	32.0	33.0	34.0	35.0	36.0	37.0	38.0	39.0	40.0
PD_232S_1_bbduk_filt	1.0	0.0	1.0	1.0	20.0	206.0	1643.0	6851.0	18165.0	36253.0	66413.0	118777.0	308307.0	2028533.0	708252.0
	25.0	26.0	27.0	28.0	29.0	30.0	31.0	32.0	33.0	34.0	35.0	36.0	37.0	38.0	39.0	40.0
PD_232S_2_bbduk_filt	2.0	8.0	43.0	84.0	270.0	654.0	1364.0	3314.0	7746.0	17279.0	34267.0	66990.0	126999.0	358729.0	2118907.0	556767.0
	25.0	26.0	27.0	28.0	29.0	30.0	31.0	32.0	33.0	34.0	35.0	36.0	37.0	38.0	39.0	40.0
PD_25P_1_bbduk_filt	1.0	0.0	1.0	7.0	7.0	22.0	116.0	815.0	3515.0	10077.0	19618.0	36434.0	65139.0	164124.0	1179116.0	500429.0
	24.0	25.0	26.0	27.0	28.0	29.0	30.0	31.0	32.0	33.0	34.0	35.0	36.0	37.0	38.0	39.0	40.0
PD_25P_2_bbduk_filt	1.0	0.0	4.0	14.0	32.0	53.0	137.0	351.0	989.0	2661.0	6634.0	14521.0	29638.0	57884.0	171566.0	1298074.0	396862.0
	32.0	33.0	34.0	35.0	36.0	37.0	38.0	39.0	40.0
PD_26P_1_bbduk_filt	1.0	3.0	14.0	20.0	45.0	73.0	179.0	1408.0	459.0
	31.0	32.0	33.0	34.0	35.0	36.0	37.0	38.0	39.0	40.0
PD_26P_2_bbduk_filt	1.0	1.0	4.0	5.0	18.0	37.0	61.0	223.0	1447.0	405.0
	27.0	28.0	29.0	30.0	31.0	32.0	33.0	34.0	35.0	36.0	37.0	38.0	39.0	40.0
PD_27P_1_bbduk_filt	1.0	1.0	2.0	17.0	145.0	1039.0	4692.0	13070.0	26397.0	49554.0	90379.0	233480.0	1686968.0	698716.0
	24.0	25.0	26.0	27.0	28.0	29.0	30.0	31.0	32.0	33.0	34.0	35.0	36.0	37.0	38.0	39.0	40.0
PD_27P_2_bbduk_filt	1.0	2.0	8.0	21.0	50.0	132.0	336.0	750.0	1899.0	4648.0	11107.0	22221.0	44568.0	87008.0	258535.0	1819155.0	554020.0
	26.0	27.0	28.0	29.0	30.0	31.0	32.0	33.0	34.0	35.0	36.0	37.0	38.0	39.0	40.0
PD_28P_1_bbduk_filt	4.0	10.0	10.0	14.0	38.0	81.0	290.0	845.0	2261.0	4080.0	8352.0	14742.0	36316.0	125996.0	48057.0
	27.0	28.0	29.0	30.0	31.0	32.0	33.0	34.0	35.0	36.0	37.0	38.0	39.0	40.0
PD_28P_2_bbduk_filt	1.0	3.0	5.0	8.0	32.0	84.0	208.0	568.0	1423.0	3244.0	7687.0	24523.0	160352.0	42958.0
	25.0	26.0	27.0	28.0	29.0	30.0	31.0	32.0	33.0	34.0	35.0	36.0	37.0	38.0	39.0	40.0
PD_29P_1_bbduk_filt	1.0	0.0	1.0	1.0	3.0	16.0	103.0	780.0	3442.0	9266.0	18910.0	36696.0	68083.0	178251.0	1237399.0	453829.0
	24.0	25.0	26.0	27.0	28.0	29.0	30.0	31.0	32.0	33.0	34.0	35.0	36.0	37.0	38.0	39.0	40.0
PD_29P_2_bbduk_filt	1.0	1.0	3.0	25.0	55.0	171.0	346.0	699.0	1691.0	3955.0	8569.0	17100.0	33706.0	66400.0	196070.0	1294993.0	382996.0
	26.0	27.0	28.0	29.0	30.0	31.0	32.0	33.0	34.0	35.0	36.0	37.0	38.0	39.0	40.0
PD_2P_1_bbduk_filt	2.0	1.0	4.0	5.0	14.0	99.0	686.0	2818.0	7887.0	16076.0	31438.0	56631.0	150406.0	1020118.0	399003.0
	25.0	26.0	27.0	28.0	29.0	30.0	31.0	32.0	33.0	34.0	35.0	36.0	37.0	38.0	39.0	40.0
PD_2P_2_bbduk_filt	1.0	4.0	23.0	65.0	139.0	345.0	670.0	1608.0	3591.0	7881.0	15091.0	29548.0	57471.0	168404.0	1094255.0	306092.0
	26.0	27.0	28.0	29.0	30.0	31.0	32.0	33.0	34.0	35.0	36.0	37.0	38.0	39.0	40.0
PD_30P_1_bbduk_filt	2.0	1.0	2.0	4.0	31.0	85.0	599.0	2449.0	6694.0	13860.0	28260.0	53172.0	139965.0	1042383.0	418998.0
	25.0	26.0	27.0	28.0	29.0	30.0	31.0	32.0	33.0	34.0	35.0	36.0	37.0	38.0	39.0	40.0
PD_30P_2_bbduk_filt	2.0	4.0	19.0	48.0	147.0	328.0	607.0	1480.0	3130.0	6772.0	13190.0	26175.0	51608.0	156666.0	1101067.0	345262.0
	30.0	31.0	32.0	33.0	34.0	35.0	36.0	37.0	38.0	39.0	40.0
PD_31P_1_bbduk_filt	10.0	104.0	894.0	3779.0	10301.0	20292.0	38129.0	68468.0	176125.0	1301928.0	533333.0
	24.0	25.0	26.0	27.0	28.0	29.0	30.0	31.0	32.0	33.0	34.0	35.0	36.0	37.0	38.0	39.0	40.0
PD_31P_2_bbduk_filt	1.0	1.0	5.0	9.0	24.0	105.0	165.0	448.0	1110.0	2880.0	7257.0	15054.0	30859.0	61193.0	185439.0	1400831.0	447982.0
	26.0	27.0	28.0	29.0	30.0	31.0	32.0	33.0	34.0	35.0	36.0	37.0	38.0	39.0	40.0
PD_32P_1_bbduk_filt	2.0	2.0	3.0	4.0	19.0	118.0	874.0	3968.0	10632.0	20921.0	39215.0	71675.0	188346.0	1350653.0	474317.0
	24.0	25.0	26.0	27.0	28.0	29.0	30.0	31.0	32.0	33.0	34.0	35.0	36.0	37.0	38.0	39.0	40.0
PD_32P_2_bbduk_filt	1.0	3.0	2.0	8.0	44.0	103.0	272.0	574.0	1421.0	3470.0	8423.0	17077.0	34615.0	67580.0	198782.0	1399616.0	428758.0
	26.0	27.0	28.0	29.0	30.0	31.0	32.0	33.0	34.0	35.0	36.0	37.0	38.0	39.0	40.0
PD_33P_1_bbduk_filt	1.0	2.0	1.0	5.0	18.0	115.0	1045.0	4594.0	12731.0	25373.0	48399.0	87171.0	221180.0	1566012.0	606157.0
	25.0	26.0	27.0	28.0	29.0	30.0	31.0	32.0	33.0	34.0	35.0	36.0	37.0	38.0	39.0	40.0
PD_33P_2_bbduk_filt	3.0	5.0	11.0	51.0	130.0	270.0	653.0	1619.0	3901.0	9121.0	18563.0	38119.0	76058.0	229344.0	1677369.0	517587.0
	29.0	30.0	31.0	32.0	33.0	34.0	35.0	36.0	37.0	38.0	39.0	40.0
PD_34P_1_bbduk_filt	4.0	24.0	106.0	778.0	3453.0	9633.0	20402.0	40086.0	75837.0	195430.0	1521659.0	660455.0
	25.0	26.0	27.0	28.0	29.0	30.0	31.0	32.0	33.0	34.0	35.0	36.0	37.0	38.0	39.0	40.0
PD_34P_2_bbduk_filt	2.0	1.0	16.0	40.0	115.0	250.0	461.0	1253.0	3358.0	8092.0	17041.0	34137.0	68874.0	211439.0	1658798.0	523990.0
	28.0	29.0	30.0	31.0	32.0	33.0	34.0	35.0	36.0	37.0	38.0	39.0	40.0
PD_35P_1_bbduk_filt	2.0	3.0	11.0	151.0	1263.0	5253.0	14200.0	27581.0	50065.0	88883.0	217379.0	1504570.0	641638.0
	25.0	26.0	27.0	28.0	29.0	30.0	31.0	32.0	33.0	34.0	35.0	36.0	37.0	38.0	39.0	40.0
PD_35P_2_bbduk_filt	2.0	6.0	17.0	58.0	124.0	350.0	721.0	2013.0	4838.0	11003.0	22188.0	44122.0	85131.0	243249.0	1621008.0	516169.0
	25.0	26.0	27.0	28.0	29.0	30.0	31.0	32.0	33.0	34.0	35.0	36.0	37.0	38.0	39.0	40.0
PD_36P_1_bbduk_filt	1.0	0.0	2.0	3.0	9.0	19.0	52.0	120.0	289.0	615.0	1329.0	4394.0	11878.0	18632.0	20930.0	2484.0
	31.0	32.0	33.0	34.0	35.0	36.0	37.0	38.0	39.0	40.0
PD_36P_2_bbduk_filt	1.0	5.0	4.0	13.0	119.0	646.0	2581.0	7946.0	42093.0	7349.0
	28.0	29.0	30.0	31.0	32.0	33.0	34.0	35.0	36.0	37.0	38.0	39.0	40.0
PD_38P_1_bbduk_filt	2.0	4.0	15.0	104.0	751.0	3267.0	8925.0	18177.0	34453.0	63197.0	163947.0	1257048.0	542347.0
	26.0	27.0	28.0	29.0	30.0	31.0	32.0	33.0	34.0	35.0	36.0	37.0	38.0	39.0	40.0
PD_38P_2_bbduk_filt	4.0	16.0	28.0	88.0	172.0	418.0	1149.0	2759.0	6626.0	13517.0	27898.0	57318.0	175390.0	1352126.0	454728.0
	27.0	28.0	29.0	30.0	31.0	32.0	33.0	34.0	35.0	36.0	37.0	38.0	39.0	40.0
PD_39P_1_bbduk_filt	1.0	3.0	6.0	13.0	82.0	453.0	2031.0	5635.0	11743.0	23077.0	42725.0	114474.0	844103.0	316339.0
	26.0	27.0	28.0	29.0	30.0	31.0	32.0	33.0	34.0	35.0	36.0	37.0	38.0	39.0	40.0
PD_39P_2_bbduk_filt	3.0	8.0	25.0	46.0	161.0	293.0	730.0	1892.0	4658.0	9658.0	18914.0	38352.0	117856.0	888831.0	279258.0
	29.0	30.0	31.0	32.0	33.0	34.0	35.0	36.0	37.0	38.0	39.0	40.0
PD_3P_1_bbduk_filt	4.0	14.0	85.0	692.0	2803.0	7818.0	16469.0	31817.0	60416.0	156635.0	1258970.0	555770.0
	25.0	26.0	27.0	28.0	29.0	30.0	31.0	32.0	33.0	34.0	35.0	36.0	37.0	38.0	39.0	40.0
PD_3P_2_bbduk_filt	2.0	8.0	5.0	34.0	94.0	189.0	403.0	1055.0	2599.0	6465.0	13391.0	27208.0	53397.0	167250.0	1373843.0	445550.0
	26.0	27.0	28.0	29.0	30.0	31.0	32.0	33.0	34.0	35.0	36.0	37.0	38.0	39.0	40.0
PD_40P_1_bbduk_filt	1.0	0.0	3.0	2.0	16.0	87.0	732.0	3147.0	8512.0	17249.0	33206.0	61468.0	163893.0	1202613.0	508098.0
	24.0	25.0	26.0	27.0	28.0	29.0	30.0	31.0	32.0	33.0	34.0	35.0	36.0	37.0	38.0	39.0	40.0
PD_40P_2_bbduk_filt	1.0	0.0	1.0	20.0	38.0	151.0	311.0	698.0	1605.0	3777.0	8357.0	16348.0	32231.0	62011.0	187139.0	1292693.0	393646.0
	27.0	28.0	29.0	30.0	31.0	32.0	33.0	34.0	35.0	36.0	37.0	38.0	39.0	40.0
PD_41P_1_bbduk_filt	3.0	3.0	3.0	23.0	97.0	861.0	3396.0	9759.0	19899.0	38288.0	71634.0	189686.0	1372151.0	535991.0
	24.0	25.0	26.0	27.0	28.0	29.0	30.0	31.0	32.0	33.0	34.0	35.0	36.0	37.0	38.0	39.0	40.0
PD_41P_2_bbduk_filt	2.0	0.0	11.0	13.0	63.0	171.0	409.0	902.0	1977.0	4472.0	9879.0	19136.0	37754.0	73448.0	218853.0	1441480.0	433224.0
	29.0	30.0	31.0	32.0	33.0	34.0	35.0	36.0	37.0	38.0	39.0	40.0
PD_42P_1_bbduk_filt	2.0	16.0	136.0	1156.0	5082.0	13898.0	27433.0	51165.0	90789.0	233310.0	1610634.0	597742.0
	24.0	25.0	26.0	27.0	28.0	29.0	30.0	31.0	32.0	33.0	34.0	35.0	36.0	37.0	38.0	39.0	40.0
PD_42P_2_bbduk_filt	1.0	2.0	9.0	9.0	46.0	132.0	305.0	659.0	1623.0	4133.0	9658.0	20477.0	42115.0	83246.0	250770.0	1731605.0	486573.0
	26.0	27.0	28.0	29.0	30.0	31.0	32.0	33.0	34.0	35.0	36.0	37.0	38.0	39.0	40.0
PD_43P_1_bbduk_filt	3.0	1.0	4.0	11.0	20.0	106.0	628.0	2466.0	6926.0	14138.0	28018.0	53246.0	131768.0	890687.0	318989.0
	26.0	27.0	28.0	29.0	30.0	31.0	32.0	33.0	34.0	35.0	36.0	37.0	38.0	39.0	40.0
PD_43P_2_bbduk_filt	2.0	14.0	37.0	85.0	192.0	439.0	934.0	2247.0	5115.0	10546.0	21349.0	42830.0	132929.0	938961.0	291331.0
	29.0	30.0	31.0	32.0	33.0	34.0	35.0	36.0	37.0	38.0	39.0	40.0
PD_44P_1_bbduk_filt	6.0	20.0	134.0	1038.0	4492.0	12081.0	23314.0	43190.0	78436.0	195720.0	1301956.0	499555.0
	23.0	24.0	25.0	26.0	27.0	28.0	29.0	30.0	31.0	32.0	33.0	34.0	35.0	36.0	37.0	38.0	39.0	40.0
PD_44P_2_bbduk_filt	1.0	1.0	4.0	4.0	18.0	52.0	117.0	300.0	723.0	1704.0	4265.0	10163.0	20009.0	38662.0	74894.0	215313.0	1386772.0	406940.0
	27.0	28.0	29.0	30.0	31.0	32.0	33.0	34.0	35.0	36.0	37.0	38.0	39.0	40.0
PD_45P_1_bbduk_filt	2.0	1.0	5.0	26.0	171.0	1396.0	5814.0	15186.0	29702.0	53755.0	93315.0	231427.0	1646754.0	707661.0
	23.0	24.0	25.0	26.0	27.0	28.0	29.0	30.0	31.0	32.0	33.0	34.0	35.0	36.0	37.0	38.0	39.0	40.0
PD_45P_2_bbduk_filt	1.0	0.0	2.0	9.0	14.0	42.0	96.0	237.0	562.0	1541.0	4402.0	10889.0	22309.0	45873.0	87679.0	256567.0	1808485.0	546507.0
	27.0	28.0	29.0	30.0	31.0	32.0	33.0	34.0	35.0	36.0	37.0	38.0	39.0	40.0
PD_46P_1_bbduk_filt	1.0	2.0	4.0	21.0	121.0	838.0	3856.0	10805.0	21642.0	42570.0	77308.0	194926.0	1422719.0	546383.0
	23.0	24.0	25.0	26.0	27.0	28.0	29.0	30.0	31.0	32.0	33.0	34.0	35.0	36.0	37.0	38.0	39.0	40.0
PD_46P_2_bbduk_filt	1.0	0.0	0.0	3.0	18.0	37.0	86.0	171.0	417.0	1133.0	2908.0	7342.0	15586.0	32491.0	65135.0	200603.0	1530383.0	464882.0
	26.0	27.0	28.0	29.0	30.0	31.0	32.0	33.0	34.0	35.0	36.0	37.0	38.0	39.0	40.0
PD_47P_1_bbduk_filt	1.0	1.0	0.0	4.0	16.0	113.0	985.0	4342.0	11341.0	22737.0	42510.0	76230.0	191712.0	1293750.0	508950.0
	25.0	26.0	27.0	28.0	29.0	30.0	31.0	32.0	33.0	34.0	35.0	36.0	37.0	38.0	39.0	40.0
PD_47P_2_bbduk_filt	4.0	7.0	24.0	65.0	187.0	421.0	938.0	2241.0	5208.0	11689.0	22424.0	43175.0	81708.0	230492.0	1378209.0	375900.0
	27.0	28.0	29.0	30.0	31.0	32.0	33.0	34.0	35.0	36.0	37.0	38.0	39.0	40.0
PD_48P_1_bbduk_filt	1.0	0.0	2.0	17.0	104.0	719.0	3228.0	8837.0	17896.0	35946.0	68802.0	176859.0	1270029.0	480925.0
	25.0	26.0	27.0	28.0	29.0	30.0	31.0	32.0	33.0	34.0	35.0	36.0	37.0	38.0	39.0	40.0
PD_48P_2_bbduk_filt	3.0	9.0	19.0	66.0	147.0	422.0	865.0	1985.0	4195.0	8815.0	16651.0	33456.0	65642.0	196895.0	1327219.0	406976.0
	27.0	28.0	29.0	30.0	31.0	32.0	33.0	34.0	35.0	36.0	37.0	38.0	39.0	40.0
PD_4P_1_bbduk_filt	2.0	3.0	5.0	26.0	110.0	833.0	3502.0	9354.0	18850.0	35615.0	63165.0	166544.0	1141034.0	426874.0
	26.0	27.0	28.0	29.0	30.0	31.0	32.0	33.0	34.0	35.0	36.0	37.0	38.0	39.0	40.0
PD_4P_2_bbduk_filt	3.0	19.0	42.0	98.0	212.0	463.0	1238.0	3083.0	7152.0	14935.0	30361.0	59733.0	177740.0	1212810.0	358028.0
	25.0	26.0	27.0	28.0	29.0	30.0	31.0	32.0	33.0	34.0	35.0	36.0	37.0	38.0	39.0	40.0
PD_50P_1_bbduk_filt	1.0	1.0	1.0	3.0	5.0	14.0	44.0	168.0	439.0	1155.0	2436.0	6063.0	19289.0	32215.0	93003.0	33675.0
	28.0	29.0	30.0	31.0	32.0	33.0	34.0	35.0	36.0	37.0	38.0	39.0	40.0
PD_50P_2_bbduk_filt	5.0	3.0	18.0	20.0	61.0	190.0	506.0	1050.0	2580.0	5958.0	18112.0	123492.0	36517.0
	28.0	29.0	30.0	31.0	32.0	33.0	34.0	35.0	36.0	37.0	38.0	39.0	40.0
PD_51P_1_bbduk_filt	1.0	0.0	9.0	115.0	863.0	3935.0	10892.0	22159.0	41821.0	77026.0	204707.0	1447974.0	506029.0
	24.0	25.0	26.0	27.0	28.0	29.0	30.0	31.0	32.0	33.0	34.0	35.0	36.0	37.0	38.0	39.0	40.0
PD_51P_2_bbduk_filt	1.0	1.0	7.0	27.0	54.0	192.0	472.0	1003.0	2290.0	5195.0	11338.0	21996.0	42215.0	79999.0	235512.0	1501008.0	414221.0
	25.0	26.0	27.0	28.0	29.0	30.0	31.0	32.0	33.0	34.0	35.0	36.0	37.0	38.0	39.0	40.0
PD_52P_1_bbduk_filt	1.0	1.0	1.0	4.0	6.0	25.0	110.0	689.0	2951.0	8169.0	16567.0	32511.0	59931.0	149042.0	987044.0	347605.0
	23.0	24.0	25.0	26.0	27.0	28.0	29.0	30.0	31.0	32.0	33.0	34.0	35.0	36.0	37.0	38.0	39.0	40.0
PD_52P_2_bbduk_filt	2.0	0.0	3.0	5.0	9.0	53.0	101.0	254.0	541.0	1272.0	2941.0	6860.0	13815.0	27614.0	54879.0	160986.0	1038001.0	297321.0
	26.0	27.0	28.0	29.0	30.0	31.0	32.0	33.0	34.0	35.0	36.0	37.0	38.0	39.0	40.0
PD_53P_1_bbduk_filt	2.0	0.0	1.0	1.0	6.0	100.0	712.0	3163.0	8846.0	18639.0	36585.0	69909.0	192598.0	1374788.0	520706.0
	25.0	26.0	27.0	28.0	29.0	30.0	31.0	32.0	33.0	34.0	35.0	36.0	37.0	38.0	39.0	40.0
PD_53P_2_bbduk_filt	4.0	6.0	22.0	78.0	230.0	495.0	1040.0	2383.0	4977.0	10900.0	20746.0	39468.0	76174.0	225493.0	1434572.0	409468.0
	27.0	28.0	29.0	30.0	31.0	32.0	33.0	34.0	35.0	36.0	37.0	38.0	39.0	40.0
PD_54P_1_bbduk_filt	1.0	2.0	3.0	14.0	97.0	799.0	3663.0	10142.0	20942.0	40368.0	75669.0	202288.0	1497479.0	584278.0
	24.0	25.0	26.0	27.0	28.0	29.0	30.0	31.0	32.0	33.0	34.0	35.0	36.0	37.0	38.0	39.0	40.0
PD_54P_2_bbduk_filt	2.0	2.0	13.0	25.0	57.0	147.0	395.0	806.0	1911.0	4379.0	9947.0	19715.0	39132.0	75683.0	228140.0	1592150.0	463241.0
	26.0	27.0	28.0	29.0	30.0	31.0	32.0	33.0	34.0	35.0	36.0	37.0	38.0	39.0	40.0
PD_55P_1_bbduk_filt	1.0	0.0	2.0	2.0	16.0	111.0	854.0	3911.0	10864.0	22002.0	42661.0	78242.0	202597.0	1542304.0	654872.0
	25.0	26.0	27.0	28.0	29.0	30.0	31.0	32.0	33.0	34.0	35.0	36.0	37.0	38.0	39.0	40.0
PD_55P_2_bbduk_filt	2.0	8.0	19.0	38.0	99.0	224.0	484.0	1339.0	3797.0	9291.0	18869.0	37872.0	74149.0	220623.0	1681848.0	509777.0
	27.0	28.0	29.0	30.0	31.0	32.0	33.0	34.0	35.0	36.0	37.0	38.0	39.0	40.0
PD_56P_1_bbduk_filt	2.0	3.0	3.0	18.0	179.0	1675.0	7159.0	19409.0	38664.0	71909.0	127749.0	326512.0	2392534.0	1007943.0
	24.0	25.0	26.0	27.0	28.0	29.0	30.0	31.0	32.0	33.0	34.0	35.0	36.0	37.0	38.0	39.0	40.0
PD_56P_2_bbduk_filt	1.0	7.0	8.0	24.0	80.0	203.0	465.0	1019.0	2548.0	6772.0	16384.0	33108.0	65385.0	125095.0	370189.0	2603119.0	769352.0
	28.0	29.0	30.0	31.0	32.0	33.0	34.0	35.0	36.0	37.0	38.0	39.0	40.0
PD_57P_1_bbduk_filt	1.0	3.0	14.0	113.0	864.0	3679.0	10374.0	21333.0	41393.0	77879.0	200193.0	1492707.0	584579.0
	25.0	26.0	27.0	28.0	29.0	30.0	31.0	32.0	33.0	34.0	35.0	36.0	37.0	38.0	39.0	40.0
PD_57P_2_bbduk_filt	1.0	6.0	5.0	30.0	62.0	158.0	399.0	939.0	2740.0	6775.0	14333.0	31221.0	64803.0	209063.0	1615719.0	486878.0
	25.0	26.0	27.0	28.0	29.0	30.0	31.0	32.0	33.0	34.0	35.0	36.0	37.0	38.0	39.0	40.0
PD_58P_1_bbduk_filt	1.0	0.0	1.0	0.0	3.0	14.0	153.0	1032.0	4324.0	12109.0	23695.0	44262.0	82077.0	208483.0	1366768.0	470397.0
	24.0	25.0	26.0	27.0	28.0	29.0	30.0	31.0	32.0	33.0	34.0	35.0	36.0	37.0	38.0	39.0	40.0
PD_58P_2_bbduk_filt	2.0	0.0	10.0	23.0	59.0	162.0	408.0	872.0	2028.0	4549.0	9999.0	19779.0	38616.0	76241.0	222783.0	1428600.0	409188.0
	25.0	26.0	27.0	28.0	29.0	30.0	31.0	32.0	33.0	34.0	35.0	36.0	37.0	38.0	39.0	40.0
PD_59P_1_bbduk_filt	2.0	1.0	2.0	6.0	8.0	20.0	128.0	715.0	2881.0	7994.0	15955.0	31492.0	57485.0	149642.0	983125.0	356291.0
	25.0	26.0	27.0	28.0	29.0	30.0	31.0	32.0	33.0	34.0	35.0	36.0	37.0	38.0	39.0	40.0
PD_59P_2_bbduk_filt	2.0	5.0	13.0	38.0	116.0	233.0	490.0	1093.0	2672.0	6148.0	12872.0	26000.0	51759.0	154689.0	1047539.0	302078.0
	27.0	28.0	29.0	30.0	31.0	32.0	33.0	34.0	35.0	36.0	37.0	38.0	39.0	40.0
PD_5P_1_bbduk_filt	1.0	2.0	4.0	14.0	87.0	740.0	3287.0	9050.0	18395.0	35204.0	64003.0	167682.0	1251659.0	487636.0
	26.0	27.0	28.0	29.0	30.0	31.0	32.0	33.0	34.0	35.0	36.0	37.0	38.0	39.0	40.0
PD_5P_2_bbduk_filt	6.0	16.0	34.0	85.0	190.0	439.0	1016.0	2709.0	6487.0	13852.0	28254.0	57064.0	177487.0	1344222.0	405903.0
	27.0	28.0	29.0	30.0	31.0	32.0	33.0	34.0	35.0	36.0	37.0	38.0	39.0	40.0
PD_60P_1_bbduk_filt	1.0	1.0	3.0	11.0	125.0	1061.0	4437.0	12000.0	23472.0	43415.0	76378.0	187404.0	1335013.0	582874.0
	25.0	26.0	27.0	28.0	29.0	30.0	31.0	32.0	33.0	34.0	35.0	36.0	37.0	38.0	39.0	40.0
PD_60P_2_bbduk_filt	2.0	4.0	13.0	29.0	78.0	231.0	530.0	1355.0	3809.0	8998.0	18960.0	37718.0	72295.0	208695.0	1471441.0	442037.0
	24.0	25.0	26.0	27.0	28.0	29.0	30.0	31.0	32.0	33.0	34.0	35.0	36.0	37.0	38.0	39.0	40.0
PD_63P_1_bbduk_filt	1.0	0.0	0.0	1.0	1.0	1.0	11.0	90.0	717.0	3248.0	9262.0	19338.0	38481.0	72977.0	200191.0	1520204.0	592931.0
	25.0	26.0	27.0	28.0	29.0	30.0	31.0	32.0	33.0	34.0	35.0	36.0	37.0	38.0	39.0	40.0
PD_63P_2_bbduk_filt	2.0	10.0	28.0	68.0	177.0	413.0	861.0	2052.0	4412.0	10089.0	19421.0	38529.0	75866.0	233378.0	1609054.0	463094.0
	26.0	27.0	28.0	29.0	30.0	31.0	32.0	33.0	34.0	35.0	36.0	37.0	38.0	39.0	40.0
PD_64P_1_bbduk_filt	1.0	0.0	0.0	2.0	22.0	139.0	921.0	4234.0	11474.0	23274.0	43713.0	79431.0	206590.0	1414335.0	523429.0
	25.0	26.0	27.0	28.0	29.0	30.0	31.0	32.0	33.0	34.0	35.0	36.0	37.0	38.0	39.0	40.0
PD_64P_2_bbduk_filt	2.0	10.0	16.0	58.0	163.0	374.0	787.0	1878.0	4278.0	9775.0	19629.0	38911.0	75951.0	225130.0	1508216.0	422387.0
	29.0	30.0	31.0	32.0	33.0	34.0	35.0	36.0	37.0	38.0	39.0	40.0
PD_65P_1_bbduk_filt	4.0	13.0	116.0	908.0	3960.0	10578.0	21341.0	39463.0	70409.0	180745.0	1240656.0	480378.0
	23.0	24.0	25.0	26.0	27.0	28.0	29.0	30.0	31.0	32.0	33.0	34.0	35.0	36.0	37.0	38.0	39.0	40.0
PD_65P_2_bbduk_filt	1.0	0.0	3.0	4.0	7.0	45.0	89.0	248.0	525.0	1364.0	3455.0	7898.0	16362.0	33010.0	64133.0	189478.0	1326007.0	405942.0
	28.0	29.0	30.0	31.0	32.0	33.0	34.0	35.0	36.0	37.0	38.0	39.0	40.0
PD_66P_1_bbduk_filt	2.0	5.0	15.0	100.0	616.0	2526.0	6778.0	14083.0	28737.0	55739.0	133972.0	1026640.0	418787.0
	26.0	27.0	28.0	29.0	30.0	31.0	32.0	33.0	34.0	35.0	36.0	37.0	38.0	39.0	40.0
PD_66P_2_bbduk_filt	5.0	5.0	23.0	58.0	172.0	338.0	851.0	2020.0	4679.0	9593.0	19982.0	41349.0	132174.0	1102597.0	374154.0
	26.0	27.0	28.0	29.0	30.0	31.0	32.0	33.0	34.0	35.0	36.0	37.0	38.0	39.0	40.0
PD_6P_1_bbduk_filt	4.0	1.0	6.0	5.0	31.0	122.0	747.0	3142.0	8206.0	16348.0	30943.0	54858.0	141601.0	929538.0	365385.0
	26.0	27.0	28.0	29.0	30.0	31.0	32.0	33.0	34.0	35.0	36.0	37.0	38.0	39.0	40.0
PD_6P_2_bbduk_filt	3.0	18.0	34.0	97.0	262.0	585.0	1421.0	3353.0	7609.0	15160.0	29606.0	57167.0	160221.0	998817.0	276584.0
	26.0	27.0	28.0	29.0	30.0	31.0	32.0	33.0	34.0	35.0	36.0	37.0	38.0	39.0	40.0
PD_70P_1_bbduk_filt	1.0	2.0	0.0	1.0	13.0	99.0	697.0	2941.0	8127.0	16801.0	31560.0	58340.0	150402.0	1064834.0	424309.0
	25.0	26.0	27.0	28.0	29.0	30.0	31.0	32.0	33.0	34.0	35.0	36.0	37.0	38.0	39.0	40.0
PD_70P_2_bbduk_filt	2.0	9.0	16.0	47.0	141.0	367.0	743.0	1606.0	3530.0	7921.0	15409.0	29651.0	57746.0	168627.0	1130090.0	342222.0
	30.0	31.0	32.0	33.0	34.0	35.0	36.0	37.0	38.0	39.0	40.0
PD_73P_1_bbduk_filt	6.0	27.0	163.0	639.0	1951.0	4544.0	10151.0	21481.0	62877.0	528695.0	215453.0
	25.0	26.0	27.0	28.0	29.0	30.0	31.0	32.0	33.0	34.0	35.0	36.0	37.0	38.0	39.0	40.0
PD_73P_2_bbduk_filt	1.0	4.0	11.0	17.0	47.0	74.0	234.0	506.0	1063.0	2235.0	4264.0	8855.0	18903.0	65712.0	574493.0	169568.0
	28.0	29.0	30.0	31.0	32.0	33.0	34.0	35.0	36.0	37.0	38.0	39.0	40.0
PD_74P_1_bbduk_filt	2.0	1.0	7.0	85.0	726.0	3199.0	9097.0	18277.0	34860.0	63347.0	165331.0	1230304.0	498414.0
	24.0	25.0	26.0	27.0	28.0	29.0	30.0	31.0	32.0	33.0	34.0	35.0	36.0	37.0	38.0	39.0	40.0
PD_74P_2_bbduk_filt	1.0	2.0	7.0	11.0	28.0	78.0	196.0	433.0	1106.0	3009.0	7267.0	14769.0	30362.0	59043.0	179823.0	1338708.0	388807.0
	27.0	28.0	29.0	30.0	31.0	32.0	33.0	34.0	35.0	36.0	37.0	38.0	39.0	40.0
PD_75P_1_bbduk_filt	3.0	6.0	7.0	19.0	132.0	923.0	3769.0	10012.0	19378.0	36535.0	63649.0	159495.0	1084695.0	450507.0
	25.0	26.0	27.0	28.0	29.0	30.0	31.0	32.0	33.0	34.0	35.0	36.0	37.0	38.0	39.0	40.0
PD_75P_2_bbduk_filt	2.0	6.0	14.0	38.0	100.0	211.0	487.0	1230.0	3094.0	7637.0	15156.0	30995.0	59330.0	172791.0	1188362.0	349677.0
	29.0	30.0	31.0	32.0	33.0	34.0	35.0	36.0	37.0	38.0	39.0	40.0
PD_76P_1_bbduk_filt	1.0	10.0	81.0	612.0	2658.0	7337.0	15157.0	29202.0	56768.0	152894.0	1062730.0	405032.0
	24.0	25.0	26.0	27.0	28.0	29.0	30.0	31.0	32.0	33.0	34.0	35.0	36.0	37.0	38.0	39.0	40.0
PD_76P_2_bbduk_filt	1.0	1.0	5.0	22.0	75.0	184.0	444.0	951.0	2142.0	4486.0	9231.0	17339.0	32722.0	62387.0	180231.0	1113632.0	308629.0
	28.0	29.0	30.0	31.0	32.0	33.0	34.0	35.0	36.0	37.0	38.0	39.0	40.0
PD_77P_1_bbduk_filt	1.0	3.0	14.0	139.0	1004.0	4329.0	11789.0	23479.0	43660.0	78571.0	199688.0	1332816.0	495272.0
	24.0	25.0	26.0	27.0	28.0	29.0	30.0	31.0	32.0	33.0	34.0	35.0	36.0	37.0	38.0	39.0	40.0
PD_77P_2_bbduk_filt	1.0	2.0	5.0	9.0	49.0	128.0	282.0	591.0	1548.0	3937.0	9645.0	19525.0	38789.0	75558.0	215538.0	1406106.0	419052.0
	26.0	27.0	28.0	29.0	30.0	31.0	32.0	33.0	34.0	35.0	36.0	37.0	38.0	39.0	40.0
PD_78P_1_bbduk_filt	2.0	1.0	9.0	16.0	31.0	133.0	837.0	3716.0	9688.0	19296.0	35594.0	65981.0	151026.0	975853.0	359545.0
	23.0	24.0	25.0	26.0	27.0	28.0	29.0	30.0	31.0	32.0	33.0	34.0	35.0	36.0	37.0	38.0	39.0	40.0
PD_78P_2_bbduk_filt	1.0	0.0	1.0	4.0	15.0	44.0	102.0	222.0	468.0	1296.0	3169.0	7326.0	15259.0	30218.0	59011.0	166647.0	1036405.0	301540.0
	28.0	29.0	30.0	31.0	32.0	33.0	34.0	35.0	36.0	37.0	38.0	39.0	40.0
PD_79S_1_bbduk_filt	1.0	1.0	16.0	122.0	836.0	3406.0	9472.0	19899.0	39434.0	74602.0	196982.0	1428983.0	575494.0
	25.0	26.0	27.0	28.0	29.0	30.0	31.0	32.0	33.0	34.0	35.0	36.0	37.0	38.0	39.0	40.0
PD_79S_2_bbduk_filt	1.0	6.0	7.0	78.0	165.0	402.0	835.0	2085.0	4702.0	10449.0	20558.0	39788.0	77888.0	235147.0	1543289.0	413848.0
	29.0	30.0	31.0	32.0	33.0	34.0	35.0	36.0	37.0	38.0	39.0	40.0
PD_7P_1_bbduk_filt	1.0	11.0	74.0	481.0	2213.0	6126.0	13015.0	26451.0	50633.0	141191.0	1199134.0	540931.0
	24.0	25.0	26.0	27.0	28.0	29.0	30.0	31.0	32.0	33.0	34.0	35.0	36.0	37.0	38.0	39.0	40.0
PD_7P_2_bbduk_filt	1.0	1.0	4.0	14.0	20.0	63.0	180.0	395.0	889.0	2062.0	4830.0	10144.0	20778.0	43656.0	144490.0	1296614.0	456120.0
	26.0	27.0	28.0	29.0	30.0	31.0	32.0	33.0	34.0	35.0	36.0	37.0	38.0	39.0	40.0
PD_81P_1_bbduk_filt	1.0	2.0	1.0	1.0	14.0	40.0	70.0	210.0	540.0	1342.0	3791.0	9957.0	24430.0	12659.0	598.0
	27.0	28.0	29.0	30.0	31.0	32.0	33.0	34.0	35.0	36.0	37.0	38.0	39.0	40.0
PD_81P_2_bbduk_filt	1.0	1.0	0.0	0.0	1.0	1.0	3.0	12.0	121.0	649.0	2324.0	6728.0	36194.0	7621.0
	26.0	27.0	28.0	29.0	30.0	31.0	32.0	33.0	34.0	35.0	36.0	37.0	38.0	39.0	40.0
PD_82P_1_bbduk_filt	2.0	1.0	4.0	7.0	25.0	141.0	889.0	3842.0	10549.0	21297.0	40194.0	73002.0	191617.0	1322821.0	521445.0
	24.0	25.0	26.0	27.0	28.0	29.0	30.0	31.0	32.0	33.0	34.0	35.0	36.0	37.0	38.0	39.0	40.0
PD_82P_2_bbduk_filt	1.0	3.0	9.0	24.0	61.0	179.0	401.0	869.0	2160.0	4629.0	10448.0	20311.0	39464.0	75662.0	219241.0	1401164.0	411210.0
	30.0	31.0	32.0	33.0	34.0	35.0	36.0	37.0	38.0	39.0	40.0
PD_83P_1_bbduk_filt	1.0	2.0	12.0	47.0	164.0	323.0	562.0	1100.0	2807.0	20198.0	8075.0
	27.0	28.0	29.0	30.0	31.0	32.0	33.0	34.0	35.0	36.0	37.0	38.0	39.0	40.0
PD_83P_2_bbduk_filt	1.0	1.0	3.0	2.0	13.0	25.0	62.0	130.0	237.0	526.0	986.0	2978.0	21534.0	6793.0
	28.0	29.0	30.0	31.0	32.0	33.0	34.0	35.0	36.0	37.0	38.0	39.0	40.0
PD_84P_1_bbduk_filt	2.0	6.0	17.0	117.0	832.0	3417.0	9324.0	17950.0	32911.0	56513.0	138855.0	945657.0	379542.0
	23.0	24.0	25.0	26.0	27.0	28.0	29.0	30.0	31.0	32.0	33.0	34.0	35.0	36.0	37.0	38.0	39.0	40.0
PD_84P_2_bbduk_filt	1.0	0.0	2.0	4.0	11.0	21.0	51.0	159.0	311.0	911.0	2559.0	6084.0	13028.0	26385.0	50099.0	144750.0	1033086.0	307681.0
	28.0	29.0	30.0	31.0	32.0	33.0	34.0	35.0	36.0	37.0	38.0	39.0	40.0
PD_8P_1_bbduk_filt	1.0	7.0	36.0	138.0	1129.0	4789.0	13018.0	25727.0	47846.0	84278.0	207668.0	1471480.0	580311.0
	25.0	26.0	27.0	28.0	29.0	30.0	31.0	32.0	33.0	34.0	35.0	36.0	37.0	38.0	39.0	40.0
PD_8P_2_bbduk_filt	2.0	5.0	12.0	24.0	65.0	185.0	419.0	1048.0	2839.0	7512.0	16167.0	34379.0	68320.0	209149.0	1594377.0	501925.0
	26.0	27.0	28.0	29.0	30.0	31.0	32.0	33.0	34.0	35.0	36.0	37.0	38.0	39.0	40.0
PD_9P_1_bbduk_filt	1.0	1.0	1.0	3.0	17.0	130.0	965.0	4090.0	11419.0	22662.0	43221.0	79134.0	198402.0	1428688.0	575804.0
	25.0	26.0	27.0	28.0	29.0	30.0	31.0	32.0	33.0	34.0	35.0	36.0	37.0	38.0	39.0	40.0
PD_9P_2_bbduk_filt	3.0	1.0	22.0	44.0	120.0	258.0	572.0	1449.0	3746.0	8906.0	18340.0	36995.0	73487.0	216614.0	1529332.0	474649.0
	29.0	30.0	31.0	32.0	33.0	34.0	35.0	36.0	37.0	38.0	39.0	40.0
PD_Extr_neg_plate1_1_bbduk_filt	5.0	4.0	17.0	42.0	92.0	212.0	512.0	1968.0	5710.0	4193.0	6332.0	1428.0
	32.0	33.0	34.0	35.0	36.0	37.0	38.0	39.0	40.0
PD_Extr_neg_plate1_2_bbduk_filt	1.0	3.0	7.0	62.0	282.0	952.0	3058.0	14072.0	2078.0
	25.0	26.0	27.0	28.0	29.0	30.0	31.0	32.0	33.0	34.0	35.0	36.0	37.0	38.0	39.0	40.0
PD_Extr_neg_plate2_1_bbduk_filt	2.0	2.0	10.0	10.0	32.0	63.0	159.0	305.0	800.0	2137.0	3901.0	10467.0	29311.0	19603.0	22356.0	4673.0
	32.0	33.0	34.0	35.0	36.0	37.0	38.0	39.0	40.0
PD_Extr_neg_plate2_2_bbduk_filt	1.0	0.0	24.0	187.0	1040.0	3788.0	11086.0	63346.0	14359.0
	24.0	25.0	26.0	27.0	28.0	29.0	30.0	31.0	32.0	33.0	34.0	35.0	36.0	37.0	38.0	39.0	40.0
PD_Extr_neg_plate3_1_bbduk_filt	1.0	0.0	1.0	4.0	4.0	5.0	13.0	20.0	57.0	142.0	375.0	543.0	900.0	1274.0	3535.0	5200.0	93.0
	32.0	33.0	34.0	35.0	36.0	37.0	38.0	39.0	40.0
PD_Extr_neg_plate3_2_bbduk_filt	1.0	3.0	3.0	31.0	131.0	565.0	1643.0	8372.0	1418.0
	26.0	27.0	28.0	29.0	30.0	31.0	32.0	33.0	34.0	35.0	36.0	37.0	38.0	39.0	40.0
PD_Extr_pos_plate1_1_bbduk_filt	3.0	3.0	5.0	8.0	26.0	56.0	185.0	366.0	958.0	2002.0	5419.0	12747.0	15205.0	40984.0	11036.0
	25.0	26.0	27.0	28.0	29.0	30.0	31.0	32.0	33.0	34.0	35.0	36.0	37.0	38.0	39.0	40.0
PD_Extr_pos_plate1_2_bbduk_filt	1.0	0.0	2.0	3.0	5.0	1.0	12.0	20.0	85.0	282.0	600.0	1665.0	4320.0	12169.0	58150.0	11688.0
	24.0	25.0	26.0	27.0	28.0	29.0	30.0	31.0	32.0	33.0	34.0	35.0	36.0	37.0	38.0	39.0	40.0
PD_Extr_pos_plate2_1_bbduk_filt	1.0	0.0	0.0	3.0	3.0	7.0	19.0	49.0	116.0	293.0	693.0	1775.0	7000.0	27708.0	18613.0	20840.0	4653.0
	23.0	24.0	25.0	26.0	27.0	28.0	29.0	30.0	31.0	32.0	33.0	34.0	35.0	36.0	37.0	38.0	39.0	40.0
PD_Extr_pos_plate2_2_bbduk_filt	1.0	0.0	0.0	0.0	0.0	0.0	0.0	1.0	1.0	2.0	4.0	22.0	162.0	927.0	3280.0	10093.0	56143.0	11137.0
	28.0	29.0	30.0	31.0	32.0	33.0	34.0	35.0	36.0	37.0	38.0	39.0	40.0
PD_Extr_pos_plate3_1_bbduk_filt	2.0	6.0	27.0	192.0	1586.0	7080.0	19642.0	39089.0	73379.0	130582.0	330772.0	2367871.0	896867.0
	24.0	25.0	26.0	27.0	28.0	29.0	30.0	31.0	32.0	33.0	34.0	35.0	36.0	37.0	38.0	39.0	40.0
PD_Extr_pos_plate3_2_bbduk_filt	2.0	5.0	11.0	13.0	54.0	138.0	322.0	686.0	1875.0	5148.0	12960.0	27457.0	56612.0	112723.0	337555.0	2526520.0	785014.0
	26.0	27.0	28.0	29.0	30.0	31.0	32.0	33.0	34.0	35.0	36.0	37.0	38.0	39.0	40.0
PD_Lib_neg_plate1_1_bbduk_filt	1.0	2.0	3.0	10.0	17.0	33.0	79.0	180.0	527.0	1003.0	2425.0	5613.0	12081.0	5787.0	523.0
	30.0	31.0	32.0	33.0	34.0	35.0	36.0	37.0	38.0	39.0	40.0
PD_Lib_neg_plate1_2_bbduk_filt	1.0	1.0	0.0	6.0	15.0	81.0	351.0	1129.0	3564.0	19156.0	3980.0
	28.0	29.0	30.0	31.0	32.0	33.0	34.0	35.0	36.0	37.0	38.0	39.0	40.0
PD_Lib_neg_plate2_1_bbduk_filt	3.0	2.0	5.0	10.0	18.0	75.0	137.0	320.0	789.0	1193.0	2685.0	5797.0	141.0
	32.0	33.0	34.0	35.0	36.0	37.0	38.0	39.0	40.0
PD_Lib_neg_plate2_2_bbduk_filt	1.0	2.0	2.0	24.0	152.0	561.0	1978.0	7717.0	738.0
	27.0	28.0	29.0	30.0	31.0	32.0	33.0	34.0	35.0	36.0	37.0	38.0	39.0	40.0
PD_Lib_pos_plate1_1_bbduk_filt	1.0	0.0	2.0	13.0	138.0	1031.0	4657.0	13070.0	27291.0	53557.0	102452.0	281449.0	2096355.0	778301.0
	25.0	26.0	27.0	28.0	29.0	30.0	31.0	32.0	33.0	34.0	35.0	36.0	37.0	38.0	39.0	40.0
PD_Lib_pos_plate1_2_bbduk_filt	2.0	6.0	30.0	90.0	196.0	470.0	1029.0	2252.0	5208.0	11879.0	24463.0	50019.0	101230.0	318720.0	2230049.0	612674.0
	28.0	29.0	30.0	31.0	32.0	33.0	34.0	35.0	36.0	37.0	38.0	39.0	40.0
PD_Lib_pos_plate2_1_bbduk_filt	2.0	6.0	22.0	193.0	1381.0	6187.0	17160.0	34431.0	64639.0	115693.0	299611.0	2029102.0	757450.0
	24.0	25.0	26.0	27.0	28.0	29.0	30.0	31.0	32.0	33.0	34.0	35.0	36.0	37.0	38.0	39.0	40.0
PD_Lib_pos_plate2_2_bbduk_filt	1.0	3.0	7.0	26.0	118.0	258.0	666.0	1390.0	3288.0	7840.0	17952.0	35562.0	67956.0	129395.0	367428.0	2150728.0	543259.0

